1.000000 0.000000 
1.100000 2.433525 
1.200000 2.665749 
1.300000 2.896782 
1.400000 3.126640 
1.500000 3.355324 
1.600000 3.582840 
1.700000 3.809204 
1.800000 4.034409 
1.900000 4.258461 
2.000000 4.481384 
2.100000 4.703163 
2.200000 4.923805 
2.300000 5.143333 
2.400000 5.361732 
2.500000 5.579018 
2.600000 5.795197 
2.700000 6.010273 
2.799999 6.224251 
2.899999 6.437141 
2.999999 6.648941 
3.099999 6.859657 
3.199999 7.069302 
3.299999 7.277870 
3.399999 7.485378 
3.499999 7.691826 
3.599999 7.897217 
3.699999 8.101559 
3.799999 8.304859 
3.899998 8.507118 
3.999998 8.708347 
4.099998 8.908543 
4.199998 9.107719 
4.299998 9.305874 
4.399998 9.503017 
4.499998 9.699154 
4.599998 9.894287 
4.699998 10.088417 
4.799998 10.281559 
4.899998 10.473709 
4.999998 10.664879 
5.099998 10.855068 
5.199997 11.044285 
5.299997 11.232533 
5.399997 11.419819 
5.499997 11.606144 
5.599997 11.791515 
5.699997 11.975937 
5.799997 12.159412 
5.899997 12.341953 
5.999997 12.523552 
6.099997 12.704224 
6.199996 12.883968 
6.299996 13.062790 
6.399996 13.240696 
6.499996 13.417690 
6.599996 13.593781 
6.699996 13.768963 
6.799996 13.943249 
6.899996 14.116638 
6.999996 14.289139 
7.099996 14.460754 
7.199996 14.631489 
7.299995 14.801350 
7.399995 14.970333 
7.499995 15.138454 
7.599995 15.305710 
7.699995 15.472107 
7.799995 15.637646 
7.899995 15.802338 
7.999995 15.966183 
8.099995 16.129185 
8.199995 16.291348 
8.299995 16.452682 
8.399996 16.613182 
8.499996 16.772858 
8.599997 16.931713 
8.699997 17.089752 
8.799997 17.246975 
8.899998 17.403393 
8.999998 17.559006 
9.099998 17.713814 
9.199999 17.867828 
9.299999 18.021042 
9.400000 18.173473 
9.500000 18.325119 
9.600000 18.475983 
9.700001 18.626072 
9.800001 18.775383 
9.900002 18.923927 
