1.000000 0.000000 
1.010000 2.438019 
1.020000 2.461296 
1.030000 2.484558 
1.040000 2.507805 
1.050000 2.531036 
1.060000 2.554260 
1.070000 2.577477 
1.080000 2.600677 
1.090000 2.623863 
1.100000 2.647034 
1.110000 2.670204 
1.120000 2.693359 
1.130000 2.716499 
1.140000 2.739624 
1.150000 2.762741 
1.160000 2.785843 
1.170000 2.808945 
1.180000 2.832024 
1.190000 2.855095 
1.200000 2.878151 
1.210000 2.901199 
1.220000 2.924232 
1.230000 2.947250 
1.240000 2.970261 
1.250000 2.993271 
1.260000 3.016251 
1.270000 3.039230 
1.280000 3.062195 
1.290000 3.085144 
1.300000 3.108093 
1.310000 3.131020 
1.320000 3.153931 
1.330000 3.176834 
1.340000 3.199738 
1.350000 3.222610 
1.360000 3.245483 
1.370000 3.268341 
1.380000 3.291191 
1.390000 3.314026 
1.400000 3.336853 
1.410000 3.359665 
1.420000 3.382462 
1.430000 3.405251 
1.440000 3.428024 
1.450000 3.450790 
1.460000 3.473549 
1.470000 3.496292 
1.480000 3.519028 
1.490000 3.541740 
1.500000 3.564445 
1.510000 3.587143 
1.520000 3.609833 
1.529999 3.632500 
1.539999 3.655167 
1.549999 3.677811 
1.559999 3.700455 
1.569999 3.723076 
1.579999 3.745689 
1.589999 3.768295 
1.599999 3.790886 
1.609999 3.813461 
1.619999 3.836029 
1.629999 3.858597 
1.639999 3.881134 
1.649999 3.903671 
1.659999 3.926193 
1.669999 3.948700 
1.679999 3.971207 
1.689999 3.993690 
1.699999 4.016174 
1.709999 4.038635 
1.719999 4.061089 
1.729999 4.083527 
1.739999 4.105957 
1.749999 4.128380 
1.759999 4.150787 
1.769999 4.173180 
1.779999 4.195564 
1.789999 4.217941 
1.799999 4.240303 
1.809999 4.262650 
1.819999 4.284988 
1.829999 4.307320 
1.839999 4.329636 
1.849999 4.351944 
1.859999 4.374237 
1.869999 4.396515 
1.879999 4.418785 
1.889999 4.441040 
1.899999 4.463287 
1.909999 4.485527 
1.919999 4.507751 
1.929999 4.529968 
1.939999 4.552170 
1.949999 4.574356 
1.959999 4.596542 
1.969999 4.618713 
1.979999 4.640869 
1.989999 4.663010 
1.999999 4.685150 
2.009999 4.707275 
2.019999 4.729385 
2.029999 4.751480 
2.039999 4.773575 
2.049999 4.795647 
2.059999 4.817719 
2.069999 4.839767 
2.079999 4.861816 
2.089999 4.883850 
2.099999 4.905869 
2.109999 4.927879 
2.119999 4.949875 
2.129999 4.971863 
2.139999 4.993843 
2.149999 5.015808 
2.159999 5.037758 
2.169999 5.059708 
2.179999 5.081635 
2.189999 5.103554 
2.199999 5.125465 
2.209999 5.147362 
2.219999 5.169250 
2.229999 5.191124 
2.239999 5.212990 
2.249999 5.234848 
2.259999 5.256683 
2.269999 5.278519 
2.279999 5.300339 
2.289999 5.322144 
2.299999 5.343941 
2.309999 5.365723 
2.319999 5.387497 
2.329999 5.409264 
2.339999 5.431015 
2.349999 5.452759 
2.359999 5.474487 
2.369999 5.496208 
2.379999 5.517914 
2.389999 5.539612 
2.399999 5.561295 
2.409999 5.582977 
2.419999 5.604637 
2.429999 5.626297 
2.439999 5.647934 
2.449999 5.669571 
2.459999 5.691185 
2.469999 5.712791 
2.479999 5.734390 
2.489999 5.755981 
2.499999 5.777557 
2.509999 5.799118 
2.519999 5.820671 
2.529999 5.842209 
2.539999 5.863739 
2.549999 5.885269 
2.559999 5.906769 
2.569999 5.928272 
2.579998 5.949760 
2.589998 5.971237 
2.599998 5.992699 
2.609998 6.014156 
2.619998 6.035599 
2.629998 6.057030 
2.639998 6.078453 
2.649998 6.099865 
2.659998 6.121262 
2.669998 6.142651 
2.679998 6.164028 
2.689998 6.185398 
2.699998 6.206749 
2.709998 6.228096 
2.719998 6.249432 
2.729998 6.270752 
2.739998 6.292065 
2.749998 6.313366 
2.759998 6.334656 
2.769998 6.355934 
2.779998 6.377201 
2.789998 6.398460 
2.799998 6.419708 
2.809998 6.440945 
2.819998 6.462170 
2.829998 6.483383 
2.839998 6.504589 
2.849998 6.525780 
2.859998 6.546959 
2.869998 6.568130 
2.879998 6.589291 
2.889998 6.610439 
2.899998 6.631580 
2.909998 6.652706 
2.919998 6.673820 
2.929998 6.694927 
2.939998 6.716022 
2.949998 6.737106 
2.959998 6.758179 
2.969998 6.779243 
2.979998 6.800293 
2.989998 6.821339 
2.999998 6.842365 
3.009998 6.863384 
3.019998 6.884392 
3.029998 6.905392 
3.039998 6.926380 
3.049998 6.947357 
3.059998 6.968323 
3.069998 6.989277 
3.079998 7.010223 
3.089998 7.031155 
3.099998 7.052078 
3.109998 7.072990 
3.119998 7.093891 
3.129998 7.114780 
3.139998 7.135662 
3.149998 7.156532 
3.159998 7.177391 
3.169998 7.198238 
3.179998 7.219074 
3.189998 7.239902 
3.199998 7.260719 
3.209998 7.281525 
3.219998 7.302319 
3.229998 7.323105 
3.239998 7.343876 
3.249998 7.364639 
3.259998 7.385391 
3.269998 7.406136 
3.279998 7.426865 
3.289998 7.447582 
3.299998 7.468292 
3.309998 7.488995 
3.319998 7.509682 
3.329998 7.530361 
3.339998 7.551029 
3.349998 7.571682 
3.359998 7.592327 
3.369998 7.612965 
3.379998 7.633591 
3.389998 7.654205 
3.399998 7.674809 
3.409998 7.695400 
3.419998 7.715984 
3.429998 7.736557 
3.439998 7.757118 
3.449998 7.777668 
3.459998 7.798210 
3.469998 7.818741 
3.479998 7.839260 
3.489998 7.859768 
3.499998 7.880268 
3.509998 7.900757 
3.519998 7.921234 
3.529998 7.941700 
3.539998 7.962154 
3.549998 7.982605 
3.559998 8.003040 
3.569998 8.023464 
3.579998 8.043877 
3.589998 8.064281 
3.599998 8.084679 
3.609998 8.105061 
3.619998 8.125435 
3.629997 8.145798 
3.639997 8.166149 
3.649997 8.186493 
3.659997 8.206818 
3.669997 8.227142 
3.679997 8.247452 
3.689997 8.267754 
3.699997 8.288044 
3.709997 8.308319 
3.719997 8.328590 
3.729997 8.348850 
3.739997 8.369099 
3.749997 8.389332 
3.759997 8.409561 
3.769997 8.429779 
3.779997 8.449986 
3.789997 8.470181 
3.799997 8.490368 
3.809997 8.510544 
3.819997 8.530708 
3.829997 8.550861 
3.839997 8.571011 
3.849997 8.591145 
3.859997 8.611267 
3.869997 8.631378 
3.879997 8.651482 
3.889997 8.671577 
3.899997 8.691658 
3.909997 8.711731 
3.919997 8.731792 
3.929997 8.751846 
3.939997 8.771885 
3.949997 8.791916 
3.959997 8.811939 
3.969997 8.831951 
3.979997 8.851952 
3.989997 8.871944 
3.999997 8.891922 
4.009997 8.911888 
4.019998 8.931850 
4.029998 8.951801 
4.039998 8.971741 
4.049998 8.991673 
4.059999 9.011589 
4.069999 9.031498 
4.079999 9.051399 
4.089999 9.071285 
4.099999 9.091164 
4.110000 9.111034 
4.120000 9.130890 
4.130000 9.150738 
4.140000 9.170574 
4.150001 9.190403 
4.160001 9.210220 
4.170001 9.230030 
4.180001 9.249825 
4.190001 9.269611 
4.200002 9.289391 
4.210002 9.309155 
4.220002 9.328911 
4.230002 9.348656 
4.240003 9.368393 
4.250003 9.388119 
4.260003 9.407837 
4.270003 9.427544 
4.280004 9.447239 
4.290004 9.466923 
4.300004 9.486599 
4.310004 9.506264 
4.320004 9.525921 
4.330005 9.545567 
4.340005 9.565201 
4.350005 9.584824 
4.360005 9.604439 
4.370006 9.624046 
4.380006 9.643639 
4.390006 9.663227 
4.400006 9.682800 
4.410007 9.702366 
4.420007 9.721924 
4.430007 9.741467 
4.440007 9.760998 
4.450007 9.780525 
4.460008 9.800041 
4.470008 9.819546 
4.480008 9.839039 
4.490008 9.858524 
4.500009 9.877998 
4.510009 9.897465 
4.520009 9.916920 
4.530009 9.936363 
4.540009 9.955795 
4.550010 9.975224 
4.560010 9.994640 
4.570010 10.014042 
4.580010 10.033440 
4.590011 10.052822 
4.600011 10.072201 
4.610011 10.091564 
4.620011 10.110920 
4.630012 10.130264 
4.640012 10.149601 
4.650012 10.168922 
4.660012 10.188240 
4.670012 10.207546 
4.680013 10.226841 
4.690013 10.246128 
4.700013 10.265404 
4.710013 10.284672 
4.720014 10.303925 
4.730014 10.323174 
4.740014 10.342411 
4.750014 10.361637 
4.760015 10.380852 
4.770015 10.400059 
4.780015 10.419254 
4.790015 10.438442 
4.800015 10.457619 
4.810016 10.476791 
4.820016 10.495945 
4.830016 10.515095 
4.840016 10.534229 
4.850017 10.553360 
4.860017 10.572479 
4.870017 10.591587 
4.880017 10.610687 
4.890018 10.629776 
4.900018 10.648853 
4.910018 10.667927 
4.920018 10.686985 
4.930018 10.706032 
4.940019 10.725075 
4.950019 10.744102 
4.960019 10.763123 
4.970019 10.782135 
4.980020 10.801136 
4.990020 10.820126 
5.000020 10.839108 
5.010020 10.858078 
5.020020 10.877045 
5.030021 10.895996 
5.040021 10.914936 
5.050021 10.933872 
5.060021 10.952793 
5.070022 10.971706 
5.080022 10.990612 
5.090022 11.009506 
5.100022 11.028389 
5.110023 11.047264 
5.120023 11.066128 
5.130023 11.084984 
5.140023 11.103828 
5.150023 11.122665 
5.160024 11.141495 
5.170024 11.160309 
5.180024 11.179115 
5.190024 11.197910 
5.200025 11.216698 
5.210025 11.235477 
5.220025 11.254246 
5.230025 11.273006 
5.240026 11.291756 
5.250026 11.310493 
5.260026 11.329224 
5.270026 11.347942 
5.280026 11.366653 
5.290027 11.385353 
5.300027 11.404045 
5.310027 11.422729 
5.320027 11.441402 
5.330028 11.460064 
5.340028 11.478718 
5.350028 11.497360 
5.360028 11.515995 
5.370028 11.534618 
5.380029 11.553234 
5.390029 11.571838 
5.400029 11.590435 
5.410029 11.609020 
5.420030 11.627594 
5.430030 11.646164 
5.440030 11.664722 
5.450030 11.683270 
5.460031 11.701805 
5.470031 11.720337 
5.480031 11.738857 
5.490031 11.757366 
5.500031 11.775867 
5.510032 11.794357 
5.520032 11.812840 
5.530032 11.831310 
5.540032 11.849773 
5.550033 11.868229 
5.560033 11.886669 
5.570033 11.905102 
5.580033 11.923531 
5.590034 11.941944 
5.600034 11.960350 
5.610034 11.978745 
5.620034 11.997131 
5.630034 12.015507 
5.640035 12.033878 
5.650035 12.052235 
5.660035 12.070583 
5.670035 12.088924 
5.680036 12.107254 
5.690036 12.125576 
5.700036 12.143887 
5.710036 12.162186 
5.720037 12.180481 
5.730037 12.198765 
5.740037 12.217037 
5.750037 12.235302 
5.760037 12.253555 
5.770038 12.271801 
5.780038 12.290035 
5.790038 12.308266 
5.800038 12.326481 
5.810039 12.344692 
5.820039 12.362888 
5.830039 12.381077 
5.840039 12.399261 
5.850039 12.417431 
5.860040 12.435593 
5.870040 12.453743 
5.880040 12.471886 
5.890040 12.490021 
5.900041 12.508144 
5.910041 12.526257 
5.920041 12.544361 
5.930041 12.562458 
5.940042 12.580547 
5.950042 12.598625 
5.960042 12.616692 
5.970042 12.634750 
5.980042 12.652802 
5.990043 12.670841 
6.000043 12.688873 
6.010043 12.706898 
6.020043 12.724907 
6.030044 12.742908 
6.040044 12.760906 
6.050044 12.778893 
6.060044 12.796867 
6.070045 12.814831 
6.080045 12.832790 
6.090045 12.850739 
6.100045 12.868675 
6.110045 12.886604 
6.120046 12.904526 
6.130046 12.922436 
6.140046 12.940338 
6.150046 12.958229 
6.160047 12.976116 
6.170047 12.993992 
6.180047 13.011852 
6.190047 13.029713 
6.200047 13.047558 
6.210048 13.065395 
6.220048 13.083221 
6.230048 13.101044 
6.240048 13.118855 
6.250049 13.136654 
6.260049 13.154446 
6.270049 13.172226 
6.280049 13.190002 
6.290050 13.207767 
6.300050 13.225521 
6.310050 13.243267 
6.320050 13.261002 
6.330050 13.278732 
6.340051 13.296452 
6.350051 13.314163 
6.360051 13.331863 
6.370051 13.349552 
6.380052 13.367233 
6.390052 13.384911 
6.400052 13.402573 
6.410052 13.420231 
6.420053 13.437874 
6.430053 13.455509 
6.440053 13.473141 
6.450053 13.490757 
6.460053 13.508366 
6.470054 13.525967 
6.480054 13.543560 
6.490054 13.561142 
6.500054 13.578716 
6.510055 13.596283 
6.520055 13.613834 
6.530055 13.631382 
6.540055 13.648918 
6.550056 13.666451 
6.560056 13.683968 
6.570056 13.701477 
6.580056 13.718979 
6.590056 13.736473 
6.600057 13.753956 
6.610057 13.771431 
6.620057 13.788895 
6.630057 13.806351 
6.640058 13.823799 
6.650058 13.841236 
6.660058 13.858665 
6.670058 13.876087 
6.680058 13.893497 
6.690059 13.910900 
6.700059 13.928295 
6.710059 13.945679 
6.720059 13.963055 
6.730060 13.980423 
6.740060 13.997780 
6.750060 14.015129 
6.760060 14.032467 
6.770061 14.049801 
6.780061 14.067123 
6.790061 14.084438 
6.800061 14.101742 
6.810061 14.119034 
6.820062 14.136322 
6.830062 14.153603 
6.840062 14.170872 
6.850062 14.188129 
6.860063 14.205379 
6.870063 14.222622 
6.880063 14.239857 
6.890063 14.257080 
6.900064 14.274296 
6.910064 14.291504 
6.920064 14.308701 
6.930064 14.325890 
6.940064 14.343071 
6.950065 14.360241 
6.960065 14.377403 
6.970065 14.394558 
6.980065 14.411701 
6.990066 14.428841 
7.000066 14.445965 
7.010066 14.463085 
7.020066 14.480194 
7.030066 14.497295 
7.040067 14.514389 
7.050067 14.531471 
7.060067 14.548542 
7.070067 14.565609 
7.080068 14.582668 
7.090068 14.599716 
7.100068 14.616753 
7.110068 14.633785 
7.120069 14.650806 
7.130069 14.667820 
7.140069 14.684826 
7.150069 14.701817 
7.160069 14.718807 
7.170070 14.735783 
7.180070 14.752754 
7.190070 14.769714 
7.200070 14.786667 
7.210071 14.803608 
7.220071 14.820541 
7.230071 14.837467 
7.240071 14.854385 
7.250072 14.871292 
7.260072 14.888195 
7.270072 14.905083 
7.280072 14.921967 
7.290072 14.938839 
7.300073 14.955704 
7.310073 14.972561 
7.320073 14.989407 
7.330073 15.006245 
7.340074 15.023079 
7.350074 15.039898 
7.360074 15.056709 
7.370074 15.073513 
7.380075 15.090309 
7.390075 15.107098 
7.400075 15.123875 
7.410075 15.140644 
7.420075 15.157402 
7.430076 15.174156 
7.440076 15.190903 
7.450076 15.207634 
7.460076 15.224361 
7.470077 15.241081 
7.480077 15.257786 
7.490077 15.274490 
7.500077 15.291180 
7.510077 15.307865 
7.520078 15.324539 
7.530078 15.341206 
7.540078 15.357864 
7.550078 15.374512 
7.560079 15.391155 
7.570079 15.407784 
7.580079 15.424408 
7.590079 15.441021 
7.600080 15.457630 
7.610080 15.474224 
7.620080 15.490814 
7.630080 15.507397 
7.640080 15.523968 
7.650081 15.540531 
7.660081 15.557087 
7.670081 15.573631 
7.680081 15.590168 
7.690082 15.606701 
7.700082 15.623219 
7.710082 15.639732 
7.720082 15.656235 
7.730083 15.672729 
7.740083 15.689217 
7.750083 15.705696 
7.760083 15.722168 
7.770083 15.738628 
7.780084 15.755081 
7.790084 15.771526 
7.800084 15.787960 
7.810084 15.804386 
7.820085 15.820808 
7.830085 15.837219 
7.840085 15.853622 
7.850085 15.870010 
7.860085 15.886398 
7.870086 15.902775 
7.880086 15.919144 
7.890086 15.935505 
7.900086 15.951855 
7.910087 15.968197 
7.920087 15.984531 
7.930087 16.000858 
7.940087 16.017178 
7.950088 16.033485 
7.960088 16.049786 
7.970088 16.066078 
7.980088 16.082363 
7.990088 16.098640 
8.000089 16.114906 
8.010089 16.131165 
8.020089 16.147415 
8.030089 16.163658 
8.040090 16.179893 
8.050090 16.196117 
8.060090 16.212334 
8.070090 16.228542 
8.080091 16.244743 
8.090091 16.260937 
8.100091 16.277119 
8.110091 16.293293 
8.120091 16.309464 
8.130092 16.325623 
8.140092 16.341770 
8.150092 16.357914 
8.160092 16.374046 
8.170093 16.390171 
8.180093 16.406288 
8.190093 16.422398 
8.200093 16.438499 
8.210093 16.454590 
8.220094 16.470673 
8.230094 16.486748 
8.240094 16.502819 
8.250094 16.518875 
8.260095 16.534927 
8.270095 16.550968 
8.280095 16.567005 
8.290095 16.583031 
8.300096 16.599049 
8.310096 16.615059 
8.320096 16.631054 
8.330096 16.647049 
8.340096 16.663033 
8.350097 16.679012 
8.360097 16.694981 
8.370097 16.710938 
8.380097 16.726891 
8.390098 16.742836 
8.400098 16.758770 
8.410098 16.774696 
8.420098 16.790615 
8.430099 16.806526 
8.440099 16.822430 
8.450099 16.838322 
8.460099 16.854210 
8.470099 16.870087 
8.480100 16.885956 
8.490100 16.901817 
8.500100 16.917671 
8.510100 16.933517 
8.520101 16.949352 
8.530101 16.965179 
8.540101 16.981003 
8.550101 16.996815 
8.560102 17.012619 
8.570102 17.028416 
8.580102 17.044201 
8.590102 17.059982 
8.600102 17.075756 
8.610103 17.091518 
8.620103 17.107273 
8.630103 17.123020 
8.640103 17.138760 
8.650104 17.154491 
8.660104 17.170212 
8.670104 17.185928 
8.680104 17.201633 
8.690104 17.217335 
8.700105 17.233025 
8.710105 17.248707 
8.720105 17.264381 
8.730105 17.280048 
8.740106 17.295708 
8.750106 17.311356 
8.760106 17.327000 
8.770106 17.342628 
8.780107 17.358257 
8.790107 17.373875 
8.800107 17.389484 
8.810107 17.405087 
8.820107 17.420681 
8.830108 17.436268 
8.840108 17.451843 
8.850108 17.467415 
8.860108 17.482975 
8.870109 17.498528 
8.880109 17.514072 
8.890109 17.529610 
8.900109 17.545139 
8.910110 17.560661 
8.920110 17.576176 
8.930110 17.591682 
8.940110 17.607178 
8.950110 17.622665 
8.960111 17.638149 
8.970111 17.653618 
8.980111 17.669086 
8.990111 17.684544 
9.000112 17.699993 
9.010112 17.715439 
9.020112 17.730865 
9.030112 17.746292 
9.040112 17.761711 
9.050113 17.777122 
9.060113 17.792526 
9.070113 17.807915 
9.080113 17.823303 
9.090114 17.838676 
9.100114 17.854050 
9.110114 17.869411 
9.120114 17.884766 
9.130115 17.900108 
9.140115 17.915451 
9.150115 17.930779 
9.160115 17.946102 
9.170115 17.961414 
9.180116 17.976723 
9.190116 17.992020 
9.200116 18.007309 
9.210116 18.022598 
9.220117 18.037872 
9.230117 18.053139 
9.240117 18.068398 
9.250117 18.083649 
9.260118 18.098892 
9.270118 18.114128 
9.280118 18.129353 
9.290118 18.144573 
9.300118 18.159782 
9.310119 18.174988 
9.320119 18.190186 
9.330119 18.205372 
9.340119 18.220554 
9.350120 18.235725 
9.360120 18.250893 
9.370120 18.266048 
9.380120 18.281197 
9.390121 18.296341 
9.400121 18.311470 
9.410121 18.326599 
9.420121 18.341717 
9.430121 18.356827 
9.440122 18.371929 
9.450122 18.387024 
9.460122 18.402111 
9.470122 18.417191 
9.480123 18.432259 
9.490123 18.447327 
9.500123 18.462379 
9.510123 18.477425 
9.520123 18.492466 
9.530124 18.507500 
9.540124 18.522522 
9.550124 18.537540 
9.560124 18.552547 
9.570125 18.567551 
9.580125 18.582542 
9.590125 18.597530 
9.600125 18.612503 
9.610126 18.627480 
9.620126 18.642441 
9.630126 18.657394 
9.640126 18.672340 
9.650126 18.687279 
9.660127 18.702209 
9.670127 18.717136 
9.680127 18.732052 
9.690127 18.746960 
9.700128 18.761860 
9.710128 18.776752 
9.720128 18.791641 
9.730128 18.806519 
9.740129 18.821384 
9.750129 18.836250 
9.760129 18.851105 
9.770129 18.865952 
9.780129 18.880787 
9.790130 18.895622 
9.800130 18.910446 
9.810130 18.925262 
9.820130 18.940067 
9.830131 18.954872 
9.840131 18.969666 
9.850131 18.984451 
9.860131 18.999226 
9.870131 19.013996 
9.880132 19.028763 
9.890132 19.043518 
9.900132 19.058262 
9.910132 19.073002 
9.920133 19.087734 
9.930133 19.102459 
9.940133 19.117176 
9.950133 19.131886 
9.960134 19.146587 
9.970134 19.161282 
9.980134 19.175968 
9.990134 19.190647 
