1.000000 0.000000 
1.100000 -2.443526 
1.200000 -2.685743 
1.300000 -2.926774 
1.400000 -3.166629 
1.500000 -3.405310 
1.600000 -3.642823 
1.700000 -3.879185 
1.800000 -4.114387 
1.900000 -4.348440 
2.000000 -4.581353 
2.100000 -4.813129 
2.200000 -5.043772 
2.300000 -5.273294 
2.400000 -5.501694 
2.500000 -5.728976 
2.600000 -5.955156 
2.700000 -6.180226 
2.799999 -6.404202 
2.899999 -6.627089 
2.999999 -6.848886 
3.099999 -7.069600 
3.199999 -7.289241 
3.299999 -7.507807 
3.399999 -7.725312 
3.499999 -7.941757 
3.599999 -8.157146 
3.699999 -8.371485 
3.799999 -8.584783 
3.899998 -8.797039 
3.999998 -9.008265 
4.099998 -9.218457 
4.199998 -9.427631 
4.299998 -9.635783 
4.399998 -9.842924 
4.499998 -10.049058 
4.599998 -10.254189 
4.699998 -10.458316 
4.799998 -10.661454 
4.899998 -10.863602 
4.999998 -11.064769 
5.099998 -11.264956 
5.199997 -11.464170 
5.299997 -11.662415 
5.399997 -11.859698 
5.499997 -12.056021 
5.599997 -12.251389 
5.699997 -12.445807 
5.799997 -12.639280 
5.899997 -12.831819 
5.999997 -13.023415 
6.099997 -13.214084 
6.199996 -13.403826 
6.299996 -13.592645 
6.399996 -13.780547 
6.499996 -13.967539 
6.599996 -14.153626 
6.699996 -14.338806 
6.799996 -14.523089 
6.899996 -14.706476 
6.999996 -14.888974 
7.099996 -15.070587 
7.199996 -15.251318 
7.299995 -15.431176 
7.399995 -15.610157 
7.499995 -15.788276 
7.599995 -15.965528 
7.699995 -16.141922 
7.799995 -16.317459 
7.899995 -16.492147 
7.999995 -16.665991 
8.099995 -16.838989 
8.199995 -17.011150 
8.299995 -17.182482 
8.399996 -17.352978 
8.499996 -17.522652 
8.599997 -17.691504 
8.699997 -17.859541 
8.799997 -18.026760 
8.899998 -18.193176 
8.999998 -18.358786 
9.099998 -18.523590 
9.199999 -18.687601 
9.299999 -18.850815 
9.400000 -19.013243 
9.500000 -19.174887 
9.600000 -19.335747 
9.700001 -19.495832 
9.800001 -19.655144 
9.900002 -19.813681 
10.000002 -19.971457 
10.100002 -20.128469 
10.200003 -20.284725 
10.300003 -20.440228 
10.400003 -20.594975 
10.500004 -20.748978 
10.600004 -20.902237 
10.700005 -21.054758 
10.800005 -21.206541 
10.900005 -21.357594 
11.000006 -21.507919 
11.100006 -21.657516 
11.200006 -21.806396 
11.300007 -21.954557 
11.400007 -22.102001 
11.500008 -22.248737 
11.600008 -22.394768 
11.700008 -22.540092 
11.800009 -22.684719 
11.900009 -22.828650 
12.000010 -22.971884 
12.100010 -23.114431 
12.200010 -23.256292 
12.300011 -23.397472 
12.400011 -23.537970 
12.500011 -23.677792 
12.600012 -23.816946 
12.700012 -23.955425 
12.800013 -24.093245 
12.900013 -24.230396 
13.000013 -24.366890 
13.100014 -24.502728 
13.200014 -24.637913 
13.300014 -24.772451 
13.400015 -24.906342 
13.500015 -25.039591 
13.600016 -25.172197 
13.700016 -25.304171 
13.800016 -25.435509 
13.900017 -25.566217 
14.000017 -25.696297 
14.100018 -25.825756 
14.200018 -25.954594 
14.300018 -26.082813 
14.400019 -26.210417 
14.500019 -26.337410 
14.600019 -26.463795 
14.700020 -26.589573 
14.800020 -26.714750 
14.900021 -26.839329 
15.000021 -26.963308 
15.100021 -27.086699 
15.200022 -27.209494 
15.300022 -27.331705 
15.400023 -27.453329 
15.500023 -27.574373 
15.600023 -27.694838 
15.700024 -27.814726 
15.800024 -27.934042 
15.900024 -28.052786 
16.000025 -28.170965 
16.100025 -28.288580 
16.200026 -28.405632 
16.300026 -28.522125 
16.400026 -28.638062 
16.500027 -28.753445 
16.600027 -28.868279 
16.700027 -28.982565 
16.800028 -29.096306 
16.900028 -29.209505 
17.000029 -29.322161 
17.100029 -29.434286 
17.200029 -29.545872 
17.300030 -29.656927 
17.400030 -29.767452 
17.500031 -29.877453 
17.600031 -29.986931 
17.700031 -30.095884 
17.800032 -30.204323 
17.900032 -30.312244 
18.000032 -30.419651 
18.100033 -30.526550 
18.200033 -30.632938 
18.300034 -30.738823 
18.400034 -30.844202 
18.500034 -30.949081 
18.600035 -31.053463 
18.700035 -31.157349 
18.800035 -31.260742 
18.900036 -31.363642 
19.000036 -31.466055 
19.100037 -31.567982 
19.200037 -31.669428 
19.300037 -31.770391 
19.400038 -31.870876 
19.500038 -31.970882 
19.600039 -32.070419 
19.700039 -32.169479 
19.800039 -32.268074 
19.900040 -32.366199 
20.000040 -32.463863 
20.100040 -32.561062 
20.200041 -32.657806 
20.300041 -32.754089 
20.400042 -32.849915 
20.500042 -32.945290 
20.600042 -33.040215 
20.700043 -33.134689 
20.800043 -33.228714 
20.900043 -33.322304 
21.000044 -33.415447 
21.100044 -33.508152 
21.200045 -33.600414 
21.300045 -33.692245 
21.400045 -33.783649 
21.500046 -33.874615 
21.600046 -33.965149 
21.700047 -34.055264 
21.800047 -34.144951 
21.900047 -34.234215 
22.000048 -34.323059 
22.100048 -34.411484 
22.200048 -34.499496 
22.300049 -34.587090 
22.400049 -34.674278 
22.500050 -34.761051 
22.600050 -34.847416 
22.700050 -34.933376 
22.800051 -35.018932 
22.900051 -35.104088 
23.000051 -35.188843 
23.100052 -35.273205 
23.200052 -35.357166 
23.300053 -35.440727 
23.400053 -35.523907 
23.500053 -35.606697 
23.600054 -35.689087 
23.700054 -35.771103 
23.800055 -35.852730 
23.900055 -35.933979 
24.000055 -36.014843 
24.100056 -36.095329 
24.200056 -36.175442 
24.300056 -36.255177 
24.400057 -36.334541 
24.500057 -36.413532 
24.600058 -36.492157 
24.700058 -36.570412 
24.800058 -36.648304 
24.900059 -36.725830 
25.000059 -36.802998 
25.100060 -36.879803 
25.200060 -36.956249 
25.300060 -37.032341 
25.400061 -37.108074 
25.500061 -37.183460 
25.600061 -37.258495 
25.700062 -37.333179 
25.800062 -37.407509 
25.900063 -37.481503 
26.000063 -37.555149 
26.100063 -37.628448 
26.200064 -37.701412 
26.300064 -37.774040 
26.400064 -37.846329 
26.500065 -37.918278 
26.600065 -37.989895 
26.700066 -38.061180 
26.800066 -38.132133 
26.900066 -38.202759 
27.000067 -38.273060 
27.100067 -38.343033 
27.200068 -38.412674 
27.300068 -38.482002 
27.400068 -38.551010 
27.500069 -38.619698 
27.600069 -38.688061 
27.700069 -38.756115 
27.800070 -38.823853 
27.900070 -38.891277 
28.000071 -38.958389 
28.100071 -39.025196 
28.200071 -39.091690 
28.300072 -39.157875 
28.400072 -39.223763 
28.500072 -39.289345 
28.600073 -39.354618 
28.700073 -39.419598 
28.800074 -39.484276 
28.900074 -39.548656 
29.000074 -39.612736 
29.100075 -39.676529 
29.200075 -39.740025 
29.300076 -39.803226 
29.400076 -39.866142 
29.500076 -39.928768 
29.600077 -39.991108 
29.700077 -40.053158 
29.800077 -40.114925 
29.900078 -40.176411 
30.000078 -40.237610 
30.100079 -40.298534 
30.200079 -40.359177 
30.300079 -40.419544 
30.400080 -40.479633 
30.500080 -40.539448 
30.600080 -40.598991 
30.700081 -40.658260 
30.800081 -40.717255 
30.900082 -40.775990 
31.000082 -40.834450 
31.100082 -40.892643 
31.200083 -40.950573 
31.300083 -41.008240 
31.400084 -41.065643 
31.500084 -41.122784 
31.600084 -41.179665 
31.700085 -41.236286 
31.800085 -41.292652 
31.900085 -41.348763 
32.000084 -41.404617 
32.100082 -41.460217 
32.200081 -41.515564 
32.300079 -41.570660 
32.400078 -41.625504 
32.500076 -41.680099 
32.600075 -41.734451 
32.700073 -41.788559 
32.800072 -41.842419 
32.900070 -41.896030 
33.000069 -41.949406 
33.100067 -42.002537 
33.200066 -42.055428 
33.300064 -42.108078 
33.400063 -42.160496 
33.500061 -42.212677 
33.600060 -42.264618 
33.700058 -42.316326 
33.800056 -42.367805 
33.900055 -42.419048 
34.000053 -42.470062 
34.100052 -42.520847 
34.200050 -42.571404 
34.300049 -42.621731 
34.400047 -42.671833 
34.500046 -42.721714 
34.600044 -42.771370 
34.700043 -42.820797 
34.800041 -42.870007 
34.900040 -42.918999 
35.000038 -42.967766 
35.100037 -43.016315 
35.200035 -43.064651 
35.300034 -43.112774 
35.400032 -43.160671 
35.500031 -43.208363 
35.600029 -43.255840 
35.700027 -43.303104 
35.800026 -43.350159 
35.900024 -43.396999 
36.000023 -43.443638 
36.100021 -43.490063 
36.200020 -43.536285 
36.300018 -43.582302 
36.400017 -43.628113 
36.500015 -43.673717 
36.600014 -43.719124 
36.700012 -43.764328 
36.800011 -43.809326 
36.900009 -43.854130 
37.000008 -43.898739 
37.100006 -43.943146 
37.200005 -43.987354 
37.300003 -44.031368 
37.400002 -44.075191 
37.500000 -44.118813 
37.599998 -44.162251 
37.699997 -44.205494 
37.799995 -44.248547 
37.899994 -44.291405 
37.999992 -44.334080 
38.099991 -44.376568 
38.199989 -44.418861 
38.299988 -44.460976 
38.399986 -44.502903 
38.499985 -44.544647 
38.599983 -44.586205 
38.699982 -44.627583 
38.799980 -44.668781 
38.899979 -44.709793 
38.999977 -44.750629 
39.099976 -44.791286 
39.199974 -44.831768 
39.299973 -44.872066 
39.399971 -44.912193 
39.499969 -44.952148 
39.599968 -44.991920 
39.699966 -45.031525 
39.799965 -45.070957 
39.899963 -45.110214 
39.999962 -45.149303 
40.099960 -45.188221 
40.199959 -45.226971 
40.299957 -45.265553 
40.399956 -45.303963 
40.499954 -45.342209 
40.599953 -45.380291 
40.699951 -45.418205 
40.799950 -45.455959 
40.899948 -45.493549 
40.999947 -45.530975 
41.099945 -45.568233 
41.199944 -45.605339 
41.299942 -45.642284 
41.399940 -45.679070 
41.499939 -45.715691 
41.599937 -45.752159 
41.699936 -45.788471 
41.799934 -45.824627 
41.899933 -45.860622 
41.999931 -45.896465 
42.099930 -45.932159 
42.199928 -45.967697 
42.299927 -46.003078 
42.399925 -46.038315 
42.499924 -46.073399 
42.599922 -46.108330 
42.699921 -46.143112 
42.799919 -46.177750 
42.899918 -46.212234 
42.999916 -46.246578 
43.099915 -46.280766 
43.199913 -46.314816 
43.299911 -46.348721 
43.399910 -46.382481 
43.499908 -46.416092 
43.599907 -46.449566 
43.699905 -46.482899 
43.799904 -46.516090 
43.899902 -46.549137 
43.999901 -46.582047 
44.099899 -46.614819 
44.199898 -46.647449 
44.299896 -46.679939 
44.399895 -46.712299 
44.499893 -46.744518 
44.599892 -46.776604 
44.699890 -46.808552 
44.799889 -46.840366 
44.899887 -46.872047 
44.999886 -46.903599 
45.099884 -46.935009 
45.199883 -46.966297 
45.299881 -46.997452 
45.399879 -47.028473 
45.499878 -47.059361 
45.599876 -47.090126 
45.699875 -47.120762 
45.799873 -47.151272 
45.899872 -47.181648 
45.999870 -47.211903 
46.099869 -47.242031 
46.199867 -47.272034 
46.299866 -47.301907 
46.399864 -47.331661 
46.499863 -47.361294 
46.599861 -47.390800 
46.699860 -47.420181 
46.799858 -47.449448 
46.899857 -47.478592 
46.999855 -47.507614 
47.099854 -47.536510 
47.199852 -47.565296 
47.299850 -47.593960 
47.399849 -47.622509 
47.499847 -47.650932 
47.599846 -47.679245 
47.699844 -47.707443 
47.799843 -47.735523 
47.899841 -47.763485 
47.999840 -47.791336 
48.099838 -47.819073 
48.199837 -47.846695 
48.299835 -47.874207 
48.399834 -47.901604 
48.499832 -47.928890 
48.599831 -47.956066 
48.699829 -47.983128 
48.799828 -48.010082 
48.899826 -48.036930 
48.999825 -48.063663 
49.099823 -48.090290 
49.199821 -48.116810 
49.299820 -48.143223 
49.399818 -48.169529 
49.499817 -48.195724 
49.599815 -48.221821 
49.699814 -48.247810 
49.799812 -48.273693 
49.899811 -48.299469 
49.999809 -48.325146 
50.099808 -48.350719 
50.199806 -48.376190 
50.299805 -48.401558 
50.399803 -48.426823 
50.499802 -48.451992 
50.599800 -48.477055 
50.699799 -48.502018 
50.799797 -48.526882 
50.899796 -48.551651 
50.999794 -48.576321 
51.099792 -48.600883 
51.199791 -48.625359 
51.299789 -48.649734 
51.399788 -48.674011 
51.499786 -48.698193 
51.599785 -48.722279 
51.699783 -48.746269 
51.799782 -48.770168 
51.899780 -48.793968 
51.999779 -48.817677 
52.099777 -48.841293 
52.199776 -48.864815 
52.299774 -48.888241 
52.399773 -48.911579 
52.499771 -48.934830 
52.599770 -48.957985 
52.699768 -48.981045 
52.799767 -49.004021 
52.899765 -49.026909 
52.999763 -49.049706 
53.099762 -49.072411 
53.199760 -49.095028 
53.299759 -49.117561 
53.399757 -49.140003 
53.499756 -49.162357 
53.599754 -49.184628 
53.699753 -49.206814 
53.799751 -49.228912 
53.899750 -49.250923 
53.999748 -49.272850 
54.099747 -49.294697 
54.199745 -49.316456 
54.299744 -49.338131 
54.399742 -49.359722 
54.499741 -49.381233 
54.599739 -49.402664 
54.699738 -49.424004 
54.799736 -49.445271 
54.899734 -49.466454 
54.999733 -49.487560 
55.099731 -49.508579 
55.199730 -49.529522 
55.299728 -49.550385 
55.399727 -49.571171 
55.499725 -49.591869 
55.599724 -49.612499 
55.699722 -49.633049 
55.799721 -49.653519 
55.899719 -49.673912 
55.999718 -49.694229 
56.099716 -49.714470 
56.199715 -49.734634 
56.299713 -49.754723 
56.399712 -49.774738 
56.499710 -49.794678 
56.599709 -49.814541 
56.699707 -49.834328 
56.799706 -49.854046 
56.899704 -49.873692 
56.999702 -49.893261 
57.099701 -49.912758 
57.199699 -49.932182 
57.299698 -49.951538 
57.399696 -49.970821 
57.499695 -49.990028 
57.599693 -50.009167 
57.699692 -50.028236 
57.799690 -50.047237 
57.899689 -50.066162 
57.999687 -50.085022 
58.099686 -50.103813 
58.199684 -50.122536 
58.299683 -50.141190 
58.399681 -50.159775 
58.499680 -50.178291 
58.599678 -50.196743 
58.699677 -50.215122 
58.799675 -50.233440 
58.899673 -50.251690 
58.999672 -50.269875 
59.099670 -50.287991 
59.199669 -50.306042 
59.299667 -50.324032 
59.399666 -50.341953 
59.499664 -50.359810 
59.599663 -50.377605 
59.699661 -50.395336 
59.799660 -50.413006 
59.899658 -50.430603 
59.999657 -50.448147 
60.099655 -50.465626 
60.199654 -50.483040 
60.299652 -50.500393 
60.399651 -50.517685 
60.499649 -50.534920 
60.599648 -50.552090 
60.699646 -50.569195 
60.799644 -50.586246 
60.899643 -50.603237 
60.999641 -50.620163 
61.099640 -50.637032 
61.199638 -50.653843 
61.299637 -50.670597 
61.399635 -50.687290 
61.499634 -50.703922 
61.599632 -50.720497 
61.699631 -50.737019 
61.799629 -50.753479 
61.899628 -50.769882 
61.999626 -50.786228 
62.099625 -50.802521 
62.199623 -50.818756 
62.299622 -50.834930 
62.399620 -50.851055 
62.499619 -50.867123 
62.599617 -50.883137 
62.699615 -50.899090 
62.799614 -50.914993 
62.899612 -50.930843 
62.999611 -50.946636 
63.099609 -50.962376 
63.199608 -50.978062 
63.299606 -50.993694 
63.399605 -51.009277 
63.499603 -51.024803 
63.599602 -51.040276 
63.699600 -51.055702 
63.799599 -51.071072 
63.899597 -51.086388 
63.999596 -51.101658 
64.099594 -51.116875 
64.199593 -51.132042 
64.299591 -51.147152 
64.399590 -51.162216 
64.499588 -51.177231 
64.599586 -51.192196 
64.699585 -51.207108 
64.799583 -51.221973 
64.899582 -51.236790 
64.999580 -51.251560 
65.099579 -51.266273 
65.199577 -51.280945 
65.299576 -51.295567 
65.399574 -51.310143 
65.499573 -51.324665 
65.599571 -51.339142 
65.699570 -51.353573 
65.799568 -51.367958 
65.899567 -51.382294 
65.999565 -51.396584 
66.099564 -51.410828 
66.199562 -51.425030 
66.299561 -51.439178 
66.399559 -51.453285 
66.499557 -51.467346 
66.599556 -51.481365 
66.699554 -51.495331 
66.799553 -51.509258 
66.899551 -51.523140 
66.999550 -51.536980 
67.099548 -51.550770 
67.199547 -51.564522 
67.299545 -51.578228 
67.399544 -51.591888 
67.499542 -51.605507 
67.599541 -51.619083 
67.699539 -51.632618 
67.799538 -51.646111 
67.899536 -51.659554 
67.999535 -51.672962 
68.099533 -51.686329 
68.199532 -51.699650 
68.299530 -51.712929 
68.399529 -51.726170 
68.499527 -51.739372 
68.599525 -51.752529 
68.699524 -51.765644 
68.799522 -51.778721 
68.899521 -51.791759 
68.999519 -51.804756 
69.099518 -51.817711 
69.199516 -51.830627 
69.299515 -51.843506 
69.399513 -51.856346 
69.499512 -51.869141 
69.599510 -51.881901 
69.699509 -51.894623 
69.799507 -51.907307 
69.899506 -51.919949 
69.999504 -51.932556 
70.099503 -51.945126 
70.199501 -51.957657 
70.299500 -51.970146 
70.399498 -51.982605 
70.499496 -51.995026 
70.599495 -52.007408 
70.699493 -52.019749 
70.799492 -52.032059 
70.899490 -52.044331 
70.999489 -52.056568 
71.099487 -52.068764 
71.199486 -52.080929 
71.299484 -52.093056 
71.399483 -52.105148 
71.499481 -52.117203 
71.599480 -52.129227 
71.699478 -52.141212 
71.799477 -52.153168 
71.899475 -52.165081 
71.999474 -52.176964 
72.099472 -52.188812 
72.199471 -52.200626 
72.299469 -52.212406 
72.399467 -52.224152 
72.499466 -52.235867 
72.599464 -52.247547 
72.699463 -52.259190 
72.799461 -52.270802 
72.899460 -52.282383 
72.999458 -52.293930 
73.099457 -52.305443 
73.199455 -52.316925 
73.299454 -52.328377 
73.399452 -52.339794 
73.499451 -52.351177 
73.599449 -52.362530 
73.699448 -52.373852 
73.799446 -52.385143 
73.899445 -52.396400 
73.999443 -52.407627 
74.099442 -52.418827 
74.199440 -52.429993 
74.299438 -52.441124 
74.399437 -52.452229 
74.499435 -52.463306 
74.599434 -52.474350 
74.699432 -52.485359 
74.799431 -52.496346 
74.899429 -52.507298 
74.999428 -52.518223 
75.099426 -52.529114 
75.199425 -52.539982 
75.299423 -52.550819 
75.399422 -52.561626 
75.499420 -52.572399 
75.599419 -52.583149 
75.699417 -52.593872 
75.799416 -52.604565 
75.899414 -52.615223 
75.999413 -52.625858 
76.099411 -52.636467 
76.199409 -52.647049 
76.299408 -52.657597 
76.399406 -52.668121 
76.499405 -52.678616 
76.599403 -52.689087 
76.699402 -52.699524 
76.799400 -52.709942 
76.899399 -52.720329 
76.999397 -52.730690 
77.099396 -52.741020 
77.199394 -52.751328 
77.299393 -52.761608 
77.399391 -52.771862 
77.499390 -52.782089 
77.599388 -52.792290 
77.699387 -52.802467 
77.799385 -52.812618 
77.899384 -52.822742 
77.999382 -52.832840 
78.099380 -52.842915 
78.199379 -52.852962 
78.299377 -52.862984 
78.399376 -52.872982 
78.499374 -52.882957 
78.599373 -52.892906 
78.699371 -52.902824 
78.799370 -52.912727 
78.899368 -52.922600 
78.999367 -52.932453 
79.099365 -52.942276 
79.199364 -52.952080 
79.299362 -52.961857 
79.399361 -52.971611 
79.499359 -52.981339 
79.599358 -52.991047 
79.699356 -53.000732 
79.799355 -53.010391 
79.899353 -53.020027 
79.999352 -53.029640 
80.099350 -53.039230 
80.199348 -53.048801 
80.299347 -53.058342 
80.399345 -53.067867 
80.499344 -53.077366 
80.599342 -53.086845 
80.699341 -53.096298 
80.799339 -53.105732 
80.899338 -53.115143 
80.999336 -53.124527 
81.099335 -53.133896 
81.199333 -53.143242 
81.299332 -53.152565 
81.399330 -53.161865 
81.499329 -53.171146 
81.599327 -53.180405 
81.699326 -53.189644 
81.799324 -53.198860 
81.899323 -53.208054 
81.999321 -53.217228 
82.099319 -53.226383 
82.199318 -53.235519 
82.299316 -53.244629 
82.399315 -53.253719 
82.499313 -53.262794 
82.599312 -53.271843 
82.699310 -53.280872 
82.799309 -53.289886 
82.899307 -53.298878 
82.999306 -53.307846 
83.099304 -53.316795 
83.199303 -53.325729 
83.299301 -53.334641 
83.399300 -53.343536 
83.499298 -53.352406 
83.599297 -53.361259 
83.699295 -53.370094 
83.799294 -53.378906 
83.899292 -53.387707 
83.999290 -53.396484 
84.099289 -53.405243 
84.199287 -53.413979 
84.299286 -53.422703 
84.399284 -53.431404 
84.499283 -53.440090 
84.599281 -53.448753 
84.699280 -53.457401 
84.799278 -53.466030 
84.899277 -53.474644 
84.999275 -53.483238 
85.099274 -53.491810 
85.199272 -53.500370 
85.299271 -53.508907 
85.399269 -53.517433 
85.499268 -53.525932 
85.599266 -53.534420 
85.699265 -53.542892 
85.799263 -53.551346 
85.899261 -53.559776 
85.999260 -53.568195 
86.099258 -53.576599 
86.199257 -53.584984 
86.299255 -53.593346 
86.399254 -53.601696 
86.499252 -53.610031 
86.599251 -53.618347 
86.699249 -53.626648 
86.799248 -53.634933 
86.899246 -53.643200 
86.999245 -53.651451 
87.099243 -53.659683 
87.199242 -53.667904 
87.299240 -53.676109 
87.399239 -53.684296 
87.499237 -53.692463 
87.599236 -53.700619 
87.699234 -53.708759 
87.799232 -53.716881 
87.899231 -53.724991 
87.999229 -53.733086 
88.099228 -53.741161 
88.199226 -53.749222 
88.299225 -53.757267 
88.399223 -53.765301 
88.499222 -53.773319 
88.599220 -53.781319 
88.699219 -53.789303 
88.799217 -53.797276 
88.899216 -53.805233 
88.999214 -53.813171 
89.099213 -53.821102 
89.199211 -53.829014 
89.299210 -53.836914 
89.399208 -53.844795 
89.499207 -53.852665 
89.599205 -53.860519 
89.699203 -53.868362 
89.799202 -53.876190 
89.899200 -53.883999 
89.999199 -53.891796 
90.099197 -53.899582 
90.199196 -53.907356 
90.299194 -53.915108 
90.399193 -53.922852 
90.499191 -53.930584 
90.599190 -53.938301 
90.699188 -53.945999 
90.799187 -53.953690 
90.899185 -53.961365 
90.999184 -53.969025 
91.099182 -53.976673 
91.199181 -53.984310 
91.299179 -53.991932 
91.399178 -53.999542 
91.499176 -54.007137 
91.599174 -54.014721 
91.699173 -54.022293 
91.799171 -54.029846 
91.899170 -54.037392 
91.999168 -54.044926 
92.099167 -54.052444 
92.199165 -54.059952 
92.299164 -54.067444 
92.399162 -54.074928 
92.499161 -54.082397 
92.599159 -54.089851 
92.699158 -54.097298 
92.799156 -54.104733 
92.899155 -54.112152 
92.999153 -54.119560 
93.099152 -54.126957 
93.199150 -54.134342 
93.299149 -54.141716 
93.399147 -54.149078 
93.499146 -54.156425 
93.599144 -54.163761 
93.699142 -54.171089 
93.799141 -54.178406 
93.899139 -54.185703 
93.999138 -54.192997 
94.099136 -54.200275 
94.199135 -54.207542 
94.299133 -54.214798 
94.399132 -54.222046 
94.499130 -54.229282 
94.599129 -54.236504 
94.699127 -54.243717 
94.799126 -54.250919 
94.899124 -54.258110 
94.999123 -54.265289 
95.099121 -54.272457 
95.199120 -54.279613 
95.299118 -54.286762 
95.399117 -54.293900 
95.499115 -54.301022 
95.599113 -54.308136 
95.699112 -54.315243 
95.799110 -54.322334 
95.899109 -54.329418 
95.999107 -54.336494 
96.099106 -54.343555 
96.199104 -54.350609 
96.299103 -54.357651 
96.399101 -54.364681 
96.499100 -54.371704 
96.599098 -54.378716 
96.699097 -54.385715 
96.799095 -54.392708 
96.899094 -54.399693 
96.999092 -54.406662 
97.099091 -54.413624 
97.199089 -54.420578 
97.299088 -54.427521 
97.399086 -54.434456 
97.499084 -54.441376 
97.599083 -54.448292 
97.699081 -54.455196 
97.799080 -54.462090 
97.899078 -54.468975 
97.999077 -54.475849 
98.099075 -54.482719 
98.199074 -54.489571 
98.299072 -54.496422 
98.399071 -54.503262 
98.499069 -54.510090 
98.599068 -54.516914 
98.699066 -54.523720 
98.799065 -54.530525 
98.899063 -54.537319 
98.999062 -54.544106 
99.099060 -54.550877 
99.199059 -54.557644 
99.299057 -54.564404 
99.399055 -54.571152 
99.499054 -54.577888 
99.599052 -54.584621 
99.699051 -54.591347 
99.799049 -54.598061 
99.899048 -54.604767 
