1.000000 0.000000 
1.100000 -1.468115 
1.200000 -1.615444 
1.300000 -1.762062 
1.400000 -1.907972 
1.500000 -2.053183 
1.600000 -2.197691 
1.700000 -2.341505 
1.800000 -2.484625 
1.900000 -2.627056 
2.000000 -2.768805 
2.100000 -2.909868 
2.200000 -3.050255 
2.300000 -3.189964 
2.400000 -3.329004 
2.500000 -3.467375 
2.600000 -3.605080 
2.700000 -3.742123 
2.799999 -3.878508 
2.899999 -4.014236 
2.999999 -4.149315 
3.099999 -4.283743 
3.199999 -4.417524 
3.299999 -4.550667 
3.399999 -4.683167 
3.499999 -4.815033 
3.599999 -4.946266 
3.699999 -5.076868 
3.799999 -5.206846 
3.899998 -5.336201 
3.999998 -5.464933 
4.099998 -5.593050 
4.199998 -5.720552 
4.299998 -5.847443 
4.399998 -5.973726 
4.499998 -6.099405 
4.599998 -6.224482 
4.699998 -6.348959 
4.799998 -6.472841 
4.899998 -6.596128 
4.999998 -6.718826 
5.099998 -6.840939 
5.199997 -6.962467 
5.299997 -7.083412 
5.399997 -7.203781 
5.499997 -7.323576 
5.599997 -7.442795 
5.699997 -7.561445 
5.799997 -7.679527 
5.899997 -7.797049 
5.999997 -7.914007 
6.099997 -8.030407 
6.199996 -8.146252 
6.299996 -8.261543 
6.399996 -8.376284 
6.499996 -8.490479 
6.599996 -8.604128 
6.699996 -8.717236 
6.799996 -8.829803 
6.899996 -8.941835 
6.999996 -9.053335 
7.099996 -9.164301 
7.199996 -9.274740 
7.299995 -9.384653 
7.399995 -9.494041 
7.499995 -9.602911 
7.599995 -9.711262 
7.699995 -9.819098 
7.799995 -9.926418 
7.899995 -10.033232 
7.999995 -10.139536 
8.099995 -10.245335 
8.199995 -10.350630 
8.299995 -10.455427 
8.399996 -10.559725 
8.499996 -10.663528 
8.599997 -10.766838 
8.699997 -10.869659 
8.799997 -10.971991 
8.899998 -11.073839 
8.999998 -11.175203 
9.099998 -11.276087 
9.199999 -11.376492 
9.299999 -11.476419 
9.400000 -11.575874 
9.500000 -11.674860 
9.600000 -11.773376 
9.700001 -11.871426 
9.800001 -11.969011 
9.900002 -12.066133 
10.000002 -12.162798 
10.100002 -12.259005 
10.200003 -12.354757 
10.300003 -12.450058 
10.400003 -12.544907 
10.500004 -12.639307 
10.600004 -12.733261 
10.700005 -12.826773 
10.800005 -12.919842 
10.900005 -13.012472 
11.000006 -13.104668 
11.100006 -13.196428 
11.200006 -13.287754 
11.300007 -13.378649 
11.400007 -13.469116 
11.500008 -13.559153 
11.600008 -13.648773 
11.700008 -13.737967 
11.800009 -13.826744 
11.900009 -13.915098 
12.000010 -14.003040 
12.100010 -14.090567 
12.200010 -14.177681 
12.300011 -14.264387 
12.400011 -14.350689 
12.500011 -14.436579 
12.600012 -14.522072 
12.700012 -14.607157 
12.800013 -14.691845 
12.900013 -14.776136 
13.000013 -14.860031 
13.100014 -14.943537 
13.200014 -15.026646 
13.300014 -15.109369 
13.400015 -15.191700 
13.500015 -15.273649 
13.600016 -15.355213 
13.700016 -15.436396 
13.800016 -15.517197 
13.900017 -15.597620 
14.000017 -15.677670 
14.100018 -15.757345 
14.200018 -15.836647 
14.300018 -15.915575 
14.400019 -15.994137 
14.500019 -16.072332 
14.600019 -16.150162 
14.700020 -16.227629 
14.800020 -16.304737 
14.900021 -16.381479 
15.000021 -16.457867 
15.100021 -16.533899 
15.200022 -16.609577 
15.300022 -16.684904 
15.400023 -16.759876 
15.500023 -16.834501 
15.600023 -16.908779 
15.700024 -16.982714 
15.800024 -17.056301 
15.900024 -17.129549 
16.000025 -17.202454 
16.100025 -17.275023 
16.200026 -17.347252 
16.300026 -17.419146 
16.400026 -17.490707 
16.500027 -17.561937 
16.600027 -17.632835 
16.700027 -17.703409 
16.800028 -17.773651 
16.900028 -17.843569 
17.000029 -17.913162 
17.100029 -17.982435 
17.200029 -18.051388 
17.300030 -18.120020 
17.400030 -18.188335 
17.500031 -18.256334 
17.600031 -18.324020 
17.700031 -18.391394 
17.800032 -18.458454 
17.900032 -18.525206 
18.000032 -18.591648 
18.100033 -18.657785 
18.200033 -18.723618 
18.300034 -18.789148 
18.400034 -18.854374 
18.500034 -18.919302 
18.600035 -18.983932 
18.700035 -19.048262 
18.800035 -19.112297 
18.900036 -19.176035 
19.000036 -19.239483 
19.100037 -19.302637 
19.200037 -19.365505 
19.300037 -19.428083 
19.400038 -19.490372 
19.500038 -19.552374 
19.600039 -19.614094 
19.700039 -19.675531 
19.800039 -19.736687 
19.900040 -19.797564 
20.000040 -19.858158 
20.100040 -19.918478 
20.200041 -19.978523 
20.300041 -20.038290 
20.400042 -20.097786 
20.500042 -20.157011 
20.600042 -20.215965 
20.700043 -20.274649 
20.800043 -20.333065 
20.900043 -20.391218 
21.000044 -20.449100 
21.100044 -20.506723 
21.200045 -20.564083 
21.300045 -20.621180 
21.400045 -20.678017 
21.500046 -20.734598 
21.600046 -20.790920 
21.700047 -20.846983 
21.800047 -20.902794 
21.900047 -20.958353 
22.000048 -21.013660 
22.100048 -21.068716 
22.200048 -21.123520 
22.300049 -21.178076 
22.400049 -21.232388 
22.500050 -21.286451 
22.600050 -21.340271 
22.700050 -21.393847 
22.800051 -21.447178 
22.900051 -21.500269 
23.000051 -21.553123 
23.100052 -21.605738 
23.200052 -21.658112 
23.300053 -21.710249 
23.400053 -21.762157 
23.500053 -21.813829 
23.600054 -21.865265 
23.700054 -21.916471 
23.800055 -21.967445 
23.900055 -22.018194 
24.000055 -22.068714 
24.100056 -22.119005 
24.200056 -22.169071 
24.300056 -22.218912 
24.400057 -22.268528 
24.500057 -22.317923 
24.600058 -22.367096 
24.700058 -22.416048 
24.800058 -22.464783 
24.900059 -22.513300 
25.000059 -22.561596 
25.100060 -22.609678 
25.200060 -22.657547 
25.300060 -22.705202 
25.400061 -22.752644 
25.500061 -22.799871 
25.600061 -22.846889 
25.700062 -22.893698 
25.800062 -22.940300 
25.900063 -22.986696 
26.000063 -23.032879 
26.100063 -23.078863 
26.200064 -23.124638 
26.300064 -23.170214 
26.400064 -23.215584 
26.500065 -23.260756 
26.600065 -23.305721 
26.700066 -23.350492 
26.800066 -23.395065 
26.900066 -23.439440 
27.000067 -23.483616 
27.100067 -23.527601 
27.200068 -23.571388 
27.300068 -23.614981 
27.400068 -23.658386 
27.500069 -23.701593 
27.600069 -23.744614 
27.700069 -23.787447 
27.800070 -23.830086 
27.900070 -23.872541 
28.000071 -23.914810 
28.100071 -23.956892 
28.200071 -23.998787 
28.300072 -24.040499 
28.400072 -24.082027 
28.500072 -24.123373 
28.600073 -24.164539 
28.700073 -24.205526 
28.800074 -24.246334 
28.900074 -24.286959 
29.000074 -24.327408 
29.100075 -24.367682 
29.200075 -24.407780 
29.300076 -24.447699 
29.400076 -24.487450 
29.500076 -24.527021 
29.600077 -24.566425 
29.700077 -24.605654 
29.800077 -24.644714 
29.900078 -24.683603 
30.000078 -24.722324 
30.100079 -24.760878 
30.200079 -24.799263 
30.300079 -24.837481 
30.400080 -24.875534 
30.500080 -24.913424 
30.600080 -24.951145 
30.700081 -24.988707 
30.800081 -25.026104 
30.900082 -25.063341 
31.000082 -25.100418 
31.100082 -25.137335 
31.200083 -25.174091 
31.300083 -25.210691 
31.400084 -25.247131 
31.500084 -25.283415 
31.600084 -25.319542 
31.700085 -25.355516 
31.800085 -25.391335 
31.900085 -25.427000 
32.000084 -25.462509 
32.100082 -25.497869 
32.200081 -25.533077 
32.300079 -25.568132 
32.400078 -25.603039 
32.500076 -25.637796 
32.600075 -25.672409 
32.700073 -25.706869 
32.800072 -25.741184 
32.900070 -25.775351 
33.000069 -25.809376 
33.100067 -25.843252 
33.200066 -25.876987 
33.300064 -25.910578 
33.400063 -25.944027 
33.500061 -25.977335 
33.600060 -26.010498 
33.700058 -26.043524 
33.800056 -26.076408 
33.900055 -26.109156 
34.000053 -26.141762 
34.100052 -26.174231 
34.200050 -26.206566 
34.300049 -26.238760 
34.400047 -26.270821 
34.500046 -26.302748 
34.600044 -26.334538 
34.700043 -26.366198 
34.800041 -26.397720 
34.900040 -26.429113 
35.000038 -26.460377 
35.100037 -26.491507 
35.200035 -26.522507 
35.300034 -26.553373 
35.400032 -26.584114 
35.500031 -26.614729 
35.600029 -26.645214 
35.700027 -26.675573 
35.800026 -26.705803 
35.900024 -26.735910 
36.000023 -26.765888 
36.100021 -26.795744 
36.200020 -26.825478 
36.300018 -26.855085 
36.400017 -26.884571 
36.500015 -26.913935 
36.600014 -26.943176 
36.700012 -26.972296 
36.800011 -27.001297 
36.900009 -27.030180 
37.000008 -27.058941 
37.100006 -27.087584 
37.200005 -27.116108 
37.300003 -27.144518 
37.400002 -27.172810 
37.500000 -27.200983 
37.599998 -27.229042 
37.699997 -27.256987 
37.799995 -27.284821 
37.899994 -27.312536 
37.999992 -27.340137 
38.099991 -27.367628 
38.199989 -27.395008 
38.299988 -27.422274 
38.399986 -27.449429 
38.499985 -27.476473 
38.599983 -27.503410 
38.699982 -27.530233 
38.799980 -27.556950 
38.899979 -27.583559 
38.999977 -27.610062 
39.099976 -27.636454 
39.199974 -27.662739 
39.299973 -27.688921 
39.399971 -27.714996 
39.499969 -27.740965 
39.599968 -27.766830 
39.699966 -27.792593 
39.799965 -27.818249 
39.899963 -27.843805 
39.999962 -27.869255 
40.099960 -27.894606 
40.199959 -27.919853 
40.299957 -27.945002 
40.399956 -27.970051 
40.499954 -27.994997 
40.599953 -28.019844 
40.699951 -28.044592 
40.799950 -28.069241 
40.899948 -28.093794 
40.999947 -28.118248 
41.099945 -28.142607 
41.199944 -28.166866 
41.299942 -28.191031 
41.399940 -28.215103 
41.499939 -28.239077 
41.599937 -28.262955 
41.699936 -28.286741 
41.799934 -28.310432 
41.899933 -28.334032 
41.999931 -28.357536 
42.099930 -28.380949 
42.199928 -28.404270 
42.299927 -28.427504 
42.399925 -28.450642 
42.499924 -28.473688 
42.599922 -28.496647 
42.699921 -28.519518 
42.799919 -28.542297 
42.899918 -28.564989 
42.999916 -28.587593 
43.099915 -28.610106 
43.199913 -28.632534 
43.299911 -28.654875 
43.399910 -28.677132 
43.499908 -28.699301 
43.599907 -28.721382 
43.699905 -28.743380 
43.799904 -28.765293 
43.899902 -28.787123 
43.999901 -28.808865 
44.099899 -28.830526 
44.199898 -28.852104 
44.299896 -28.873602 
44.399895 -28.895016 
44.499893 -28.916346 
44.599892 -28.937595 
44.699890 -28.958761 
44.799889 -28.979851 
44.899887 -29.000860 
44.999886 -29.021786 
45.099884 -29.042635 
45.199883 -29.063404 
45.299881 -29.084097 
45.399879 -29.104710 
45.499878 -29.125242 
45.599876 -29.145699 
45.699875 -29.166079 
45.799873 -29.186382 
45.899872 -29.206610 
45.999870 -29.226761 
46.099869 -29.246836 
46.199867 -29.266838 
46.299866 -29.286764 
46.399864 -29.306614 
46.499863 -29.326391 
46.599861 -29.346092 
46.699860 -29.365725 
46.799858 -29.385281 
46.899857 -29.404764 
46.999855 -29.424179 
47.099854 -29.443518 
47.199852 -29.462788 
47.299850 -29.481985 
47.399849 -29.501110 
47.499847 -29.520166 
47.599846 -29.539154 
47.699844 -29.558069 
47.799843 -29.576916 
47.899841 -29.595694 
47.999840 -29.614403 
48.099838 -29.633043 
48.199837 -29.651619 
48.299835 -29.670122 
48.399834 -29.688560 
48.499832 -29.706930 
48.599831 -29.725235 
48.699829 -29.743471 
48.799828 -29.761646 
48.899826 -29.779749 
48.999825 -29.797791 
49.099823 -29.815767 
49.199821 -29.833675 
49.299820 -29.851522 
49.399818 -29.869305 
49.499817 -29.887026 
49.599815 -29.904678 
49.699814 -29.922270 
49.799812 -29.939800 
49.899811 -29.957266 
49.999809 -29.974670 
50.099808 -29.992014 
50.199806 -30.009296 
50.299805 -30.026514 
50.399803 -30.043674 
50.499802 -30.060774 
50.599800 -30.077812 
50.699799 -30.094790 
50.799797 -30.111706 
50.899796 -30.128565 
50.999794 -30.145363 
51.099792 -30.162104 
51.199791 -30.178787 
51.299789 -30.195410 
51.399788 -30.211979 
51.499786 -30.228487 
51.599785 -30.244938 
51.699783 -30.261328 
51.799782 -30.277668 
51.899780 -30.293947 
51.999779 -30.310173 
52.099777 -30.326338 
52.199776 -30.342453 
52.299774 -30.358507 
52.399773 -30.374512 
52.499771 -30.390459 
52.599770 -30.406349 
52.699768 -30.422186 
52.799767 -30.437973 
52.899765 -30.453703 
52.999763 -30.469379 
53.099762 -30.485003 
53.199760 -30.500572 
53.299759 -30.516088 
53.399757 -30.531555 
53.499756 -30.546968 
53.599754 -30.562328 
53.699753 -30.577639 
53.799751 -30.592896 
53.899750 -30.608103 
53.999748 -30.623257 
54.099747 -30.638365 
54.199745 -30.653419 
54.299744 -30.668425 
54.399742 -30.683376 
54.499741 -30.698282 
54.599739 -30.713139 
54.699738 -30.727945 
54.799736 -30.742702 
54.899734 -30.757410 
54.999733 -30.772072 
55.099731 -30.786684 
55.199730 -30.801250 
55.299728 -30.815767 
55.399727 -30.830235 
55.499725 -30.844656 
55.599724 -30.859032 
55.699722 -30.873362 
55.799721 -30.887642 
55.899719 -30.901876 
55.999718 -30.916065 
56.099716 -30.930208 
56.199715 -30.944309 
56.299713 -30.958361 
56.399712 -30.972366 
56.499710 -30.986330 
56.599709 -31.000248 
56.699707 -31.014120 
56.799706 -31.027950 
56.899704 -31.041735 
56.999702 -31.055477 
57.099701 -31.069174 
57.199699 -31.082829 
57.299698 -31.096437 
57.399696 -31.110008 
57.499695 -31.123533 
57.599693 -31.137016 
57.699692 -31.150457 
57.799690 -31.163853 
57.899689 -31.177210 
57.999687 -31.190525 
58.099686 -31.203798 
58.199684 -31.217030 
58.299683 -31.230223 
58.399681 -31.243370 
58.499680 -31.256483 
58.599678 -31.269550 
58.699677 -31.282579 
58.799675 -31.295567 
58.899673 -31.308516 
58.999672 -31.321426 
59.099670 -31.334295 
59.199669 -31.347126 
59.299667 -31.359919 
59.399666 -31.372669 
59.499664 -31.385386 
59.599663 -31.398060 
59.699661 -31.410696 
59.799660 -31.423294 
59.899658 -31.435858 
59.999657 -31.448380 
60.099655 -31.460867 
60.199654 -31.473316 
60.299652 -31.485727 
60.399651 -31.498100 
60.499649 -31.510439 
60.599648 -31.522739 
60.699646 -31.535006 
60.799644 -31.547234 
60.899643 -31.559423 
60.999641 -31.571583 
61.099640 -31.583704 
61.199638 -31.595787 
61.299637 -31.607840 
61.399635 -31.619854 
61.499634 -31.631834 
61.599632 -31.643776 
61.699631 -31.655687 
61.799629 -31.667564 
61.899628 -31.679403 
61.999626 -31.691212 
62.099625 -31.702986 
62.199623 -31.714725 
62.299622 -31.726431 
62.399620 -31.738106 
62.499619 -31.749743 
62.599617 -31.761349 
62.699615 -31.772924 
62.799614 -31.784466 
62.899612 -31.795973 
62.999611 -31.807446 
63.099609 -31.818892 
63.199608 -31.830299 
63.299606 -31.841681 
63.399605 -31.853027 
63.499603 -31.864344 
63.599602 -31.875626 
63.699600 -31.886881 
63.799599 -31.898102 
63.899597 -31.909292 
63.999596 -31.920452 
64.099594 -31.931578 
64.199593 -31.942677 
64.299591 -31.953745 
64.399590 -31.964783 
64.499588 -31.975790 
64.599586 -31.986767 
64.699585 -31.997717 
64.799583 -32.008633 
64.899582 -32.019524 
64.999580 -32.030380 
65.099579 -32.041214 
65.199577 -32.052013 
65.299576 -32.062782 
65.399574 -32.073528 
65.499573 -32.084244 
65.599571 -32.094929 
65.699570 -32.105583 
65.799568 -32.116215 
65.899567 -32.126816 
65.999565 -32.137390 
66.099564 -32.147934 
66.199562 -32.158451 
66.299561 -32.168945 
66.399559 -32.179405 
66.499557 -32.189842 
66.599556 -32.200249 
66.699554 -32.210632 
66.799553 -32.220985 
66.899551 -32.231316 
66.999550 -32.241615 
67.099548 -32.251892 
67.199547 -32.262138 
67.299545 -32.272362 
67.399544 -32.282558 
67.499542 -32.292732 
67.599541 -32.302876 
67.699539 -32.312996 
67.799538 -32.323086 
67.899536 -32.333153 
67.999535 -32.343197 
68.099533 -32.353218 
68.199532 -32.363209 
68.299530 -32.373177 
68.399529 -32.383118 
68.499527 -32.393036 
68.599525 -32.402931 
68.699524 -32.412804 
68.799522 -32.422646 
68.899521 -32.432465 
68.999519 -32.442265 
69.099518 -32.452034 
69.199516 -32.461784 
69.299515 -32.471512 
69.399513 -32.481213 
69.499512 -32.490891 
69.599510 -32.500546 
69.699509 -32.510178 
69.799507 -32.519787 
69.899506 -32.529373 
69.999504 -32.538937 
70.099503 -32.548477 
70.199501 -32.557995 
70.299500 -32.567490 
70.399498 -32.576962 
70.499496 -32.586411 
70.599495 -32.595840 
70.699493 -32.605247 
70.799492 -32.614628 
70.899490 -32.623993 
70.999489 -32.633331 
71.099487 -32.642647 
71.199486 -32.651947 
71.299484 -32.661224 
71.399483 -32.670479 
71.499481 -32.679710 
71.599480 -32.688923 
71.699478 -32.698112 
71.799477 -32.707283 
71.899475 -32.716431 
71.999474 -32.725563 
72.099472 -32.734673 
72.199471 -32.743759 
72.299469 -32.752823 
72.399467 -32.761871 
72.499466 -32.770897 
72.599464 -32.779903 
72.699463 -32.788895 
72.799461 -32.797859 
72.899460 -32.806808 
72.999458 -32.815731 
73.099457 -32.824638 
73.199455 -32.833527 
73.299454 -32.842400 
73.399452 -32.851246 
73.499451 -32.860077 
73.599449 -32.868889 
73.699448 -32.877678 
73.799446 -32.886452 
73.899445 -32.895210 
73.999443 -32.903942 
74.099442 -32.912659 
74.199440 -32.921360 
74.299438 -32.930038 
74.399437 -32.938702 
74.499435 -32.947342 
74.599434 -32.955971 
74.699432 -32.964577 
74.799431 -32.973164 
74.899429 -32.981735 
74.999428 -32.990292 
75.099426 -32.998825 
75.199425 -33.007343 
75.299423 -33.015846 
75.399422 -33.024326 
75.499420 -33.032791 
75.599419 -33.041241 
75.699417 -33.049675 
75.799416 -33.058086 
75.899414 -33.066483 
75.999413 -33.074863 
76.099411 -33.083229 
76.199409 -33.091572 
76.299408 -33.099907 
76.399406 -33.108215 
76.499405 -33.116516 
76.599403 -33.124794 
76.699402 -33.133057 
76.799400 -33.141304 
76.899399 -33.149536 
76.999397 -33.157749 
77.099396 -33.165947 
77.199394 -33.174133 
77.299393 -33.182304 
77.399391 -33.190453 
77.499390 -33.198586 
77.599388 -33.206707 
77.699387 -33.214813 
77.799385 -33.222900 
77.899384 -33.230972 
77.999382 -33.239033 
78.099380 -33.247078 
78.199379 -33.255104 
78.299377 -33.263115 
78.399376 -33.271114 
78.499374 -33.279099 
78.599373 -33.287067 
78.699371 -33.295021 
78.799370 -33.302959 
78.899368 -33.310883 
78.999367 -33.318790 
79.099365 -33.326683 
79.199364 -33.334564 
79.299362 -33.342430 
79.399361 -33.350285 
79.499359 -33.358124 
79.599358 -33.365944 
79.699356 -33.373749 
79.799355 -33.381546 
79.899353 -33.389328 
79.999352 -33.397095 
80.099350 -33.404846 
80.199348 -33.412590 
80.299347 -33.420319 
80.399345 -33.428028 
80.499344 -33.435730 
80.599342 -33.443413 
80.699341 -33.451080 
80.799339 -33.458744 
80.899338 -33.466385 
80.999336 -33.474022 
81.099335 -33.481640 
81.199333 -33.489250 
81.299332 -33.496841 
81.399330 -33.504421 
81.499329 -33.511990 
81.599327 -33.519547 
81.699326 -33.527088 
81.799324 -33.534618 
81.899323 -33.542137 
81.999321 -33.549637 
82.099319 -33.557133 
82.199318 -33.564613 
82.299316 -33.572083 
82.399315 -33.579536 
82.499313 -33.586979 
82.599312 -33.594410 
82.699310 -33.601830 
82.799309 -33.609238 
82.899307 -33.616627 
82.999306 -33.624012 
83.099304 -33.631382 
83.199303 -33.638741 
83.299301 -33.646088 
83.399300 -33.653423 
83.499298 -33.660748 
83.599297 -33.668060 
83.699295 -33.675358 
83.799294 -33.682648 
83.899292 -33.689930 
83.999290 -33.697197 
84.099289 -33.704449 
84.199287 -33.711693 
84.299286 -33.718925 
84.399284 -33.726151 
84.499283 -33.733356 
84.599281 -33.740559 
84.699280 -33.747746 
84.799278 -33.754921 
84.899277 -33.762089 
84.999275 -33.769245 
85.099274 -33.776390 
85.199272 -33.783524 
85.299271 -33.790649 
85.399269 -33.797764 
85.499268 -33.804867 
85.599266 -33.811958 
85.699265 -33.819038 
85.799263 -33.826111 
85.899261 -33.833172 
85.999260 -33.840225 
86.099258 -33.847263 
86.199257 -33.854294 
86.299255 -33.861313 
86.399254 -33.868324 
86.499252 -33.875324 
86.599251 -33.882313 
86.699249 -33.889294 
86.799248 -33.896263 
86.899246 -33.903225 
86.999245 -33.910175 
87.099243 -33.917118 
87.199242 -33.924049 
87.299240 -33.930969 
87.399239 -33.937881 
87.499237 -33.944786 
87.599236 -33.951675 
87.699234 -33.958561 
87.799232 -33.965435 
87.899231 -33.972301 
87.999229 -33.979156 
88.099228 -33.986000 
88.199226 -33.992840 
88.299225 -33.999668 
88.399223 -34.006485 
88.499222 -34.013294 
88.599220 -34.020096 
88.699219 -34.026890 
88.799217 -34.033669 
88.899216 -34.040443 
88.999214 -34.047211 
89.099213 -34.053967 
89.199211 -34.060715 
89.299210 -34.067451 
89.399208 -34.074184 
89.499207 -34.080906 
89.599205 -34.087616 
89.699203 -34.094322 
89.799202 -34.101017 
89.899200 -34.107708 
89.999199 -34.114388 
90.099197 -34.121056 
90.199196 -34.127720 
90.299194 -34.134373 
90.399193 -34.141022 
90.499191 -34.147655 
90.599190 -34.154285 
90.699188 -34.160908 
90.799187 -34.167519 
90.899185 -34.174126 
90.999184 -34.180721 
91.099182 -34.187313 
91.199181 -34.193893 
91.299179 -34.200466 
91.399178 -34.207031 
91.499176 -34.213589 
91.599174 -34.220139 
91.699173 -34.226681 
91.799171 -34.233215 
91.899170 -34.239742 
91.999168 -34.246262 
92.099167 -34.252773 
92.199165 -34.259277 
92.299164 -34.265774 
92.399162 -34.272263 
92.499161 -34.278744 
92.599159 -34.285221 
92.699158 -34.291687 
92.799156 -34.298149 
92.899155 -34.304600 
92.999153 -34.311043 
93.099152 -34.317482 
93.199150 -34.323914 
93.299149 -34.330338 
93.399147 -34.336754 
93.499146 -34.343163 
93.599144 -34.349564 
93.699142 -34.355961 
93.799141 -34.362350 
93.899139 -34.368732 
93.999138 -34.375107 
94.099136 -34.381474 
94.199135 -34.387836 
94.299133 -34.394188 
94.399132 -34.400536 
94.499130 -34.406876 
94.599129 -34.413212 
94.699127 -34.419540 
94.799126 -34.425858 
94.899124 -34.432171 
94.999123 -34.438480 
95.099121 -34.444782 
95.199120 -34.451080 
95.299118 -34.457363 
95.399117 -34.463646 
95.499115 -34.469925 
95.599113 -34.476189 
95.699112 -34.482452 
95.799110 -34.488712 
95.899109 -34.494961 
95.999107 -34.501205 
96.099106 -34.507442 
96.199104 -34.513676 
96.299103 -34.519901 
96.399101 -34.526115 
96.499100 -34.532330 
96.599098 -34.538540 
96.699097 -34.544743 
96.799095 -34.550934 
96.899094 -34.557125 
96.999092 -34.563309 
97.099091 -34.569485 
97.199089 -34.575653 
97.299088 -34.581821 
97.399086 -34.587982 
97.499084 -34.594135 
97.599083 -34.600281 
97.699081 -34.606426 
97.799080 -34.612564 
97.899078 -34.618694 
97.999077 -34.624817 
98.099075 -34.630939 
98.199074 -34.637054 
98.299072 -34.643166 
98.399071 -34.649269 
98.499069 -34.655365 
98.599068 -34.661457 
98.699066 -34.667545 
98.799065 -34.673622 
98.899063 -34.679699 
98.999062 -34.685772 
99.099060 -34.691837 
99.199059 -34.697899 
99.299057 -34.703949 
99.399055 -34.710003 
99.499054 -34.716045 
99.599052 -34.722084 
99.699051 -34.728119 
99.799049 -34.734146 
99.899048 -34.740173 
