1.000000 0.000000 
1.100000 1.458115 
1.200000 1.595444 
1.300000 1.732059 
1.400000 1.867973 
1.500000 2.003181 
1.600000 2.137688 
1.700000 2.271503 
1.800000 2.404625 
1.900000 2.537052 
2.000000 2.668800 
2.100000 2.799866 
2.200000 2.930252 
2.300000 3.059963 
2.400000 3.189003 
2.500000 3.317371 
2.600000 3.445076 
2.700000 3.572117 
2.799999 3.698502 
2.899999 3.824230 
2.999999 3.949310 
3.099999 4.073738 
3.199999 4.197517 
3.299999 4.320660 
3.399999 4.443161 
3.499999 4.565029 
3.599999 4.686260 
3.699999 4.806862 
3.799999 4.926842 
3.899998 5.046192 
3.999998 5.164925 
4.099998 5.283043 
4.199998 5.400543 
4.299998 5.517437 
4.399998 5.633720 
4.499998 5.749397 
4.599998 5.864471 
4.699998 5.978951 
4.799998 6.092834 
4.899998 6.206120 
4.999998 6.318817 
5.099998 6.430927 
5.199997 6.542458 
5.299997 6.653400 
5.399997 6.763771 
5.499997 6.873566 
5.599997 6.982784 
5.699997 7.091434 
5.799997 7.199516 
5.899997 7.307037 
5.999997 7.413994 
6.099997 7.520397 
6.199996 7.626240 
6.299996 7.731533 
6.399996 7.836273 
6.499996 7.940464 
6.599996 8.044113 
6.699996 8.147221 
6.799996 8.249790 
6.899996 8.351822 
6.999996 8.453323 
7.099996 8.554287 
7.199996 8.654724 
7.299995 8.754639 
7.399995 8.854027 
7.499995 8.952896 
7.599995 9.051247 
7.699995 9.149082 
7.799995 9.246403 
7.899995 9.343216 
7.999995 9.439522 
8.099995 9.535320 
8.199995 9.630615 
8.299995 9.725410 
8.399996 9.819710 
8.499996 9.913509 
8.599997 10.006821 
8.699997 10.099644 
8.799997 10.191971 
8.899998 10.283821 
8.999998 10.375183 
9.099998 10.466068 
9.199999 10.556473 
9.299999 10.646400 
9.400000 10.735855 
9.500000 10.824841 
9.600000 10.913357 
9.700001 11.001408 
9.800001 11.088989 
9.900002 11.176113 
10.000002 11.262779 
10.100002 11.348984 
10.200003 11.434738 
10.300003 11.520039 
10.400003 11.604885 
10.500004 11.689285 
10.600004 11.773239 
10.700005 11.856750 
10.800005 11.939819 
10.900005 12.022449 
11.000006 12.104645 
11.100006 12.186405 
11.200006 12.267731 
11.300007 12.348625 
11.400007 12.429092 
11.500008 12.509129 
11.600008 12.588749 
11.700008 12.667942 
11.800009 12.746719 
11.900009 12.825073 
12.000010 12.903015 
12.100010 12.980541 
12.200010 13.057655 
12.300011 13.134361 
12.400011 13.210663 
12.500011 13.286552 
12.600012 13.362045 
12.700012 13.437130 
12.800013 13.511818 
12.900013 13.586109 
13.000013 13.660004 
13.100014 13.733509 
13.200014 13.806618 
13.300014 13.879341 
13.400015 13.951672 
13.500015 14.023621 
13.600016 14.095184 
13.700016 14.166367 
13.800016 14.237167 
13.900017 14.307590 
14.000017 14.377640 
14.100018 14.447315 
14.200018 14.516617 
14.300018 14.585545 
14.400019 14.654106 
14.500019 14.722301 
14.600019 14.790131 
14.700020 14.857597 
14.800020 14.924706 
14.900021 14.991447 
15.000021 15.057835 
15.100021 15.123867 
15.200022 15.189545 
15.300022 15.254871 
15.400023 15.319843 
15.500023 15.384468 
15.600023 15.448746 
15.700024 15.512680 
15.800024 15.576267 
15.900024 15.639515 
16.000025 15.702419 
16.100025 15.764988 
16.200026 15.827217 
16.300026 15.889111 
16.400026 15.950672 
16.500027 16.011902 
16.600027 16.072800 
16.700027 16.133373 
16.800028 16.193615 
16.900028 16.253532 
17.000029 16.313126 
17.100029 16.372398 
17.200029 16.431351 
17.300030 16.489983 
17.400030 16.548298 
17.500031 16.606297 
17.600031 16.663982 
17.700031 16.721355 
17.800032 16.778416 
17.900032 16.835167 
18.000032 16.891609 
18.100033 16.947746 
18.200033 17.003578 
18.300034 17.059109 
18.400034 17.114334 
18.500034 17.169262 
18.600035 17.223890 
18.700035 17.278221 
18.800035 17.332256 
18.900036 17.385994 
19.000036 17.439442 
19.100037 17.492596 
19.200037 17.545464 
19.300037 17.598040 
19.400038 17.650330 
19.500038 17.702332 
19.600039 17.754051 
19.700039 17.805489 
19.800039 17.856644 
19.900040 17.907520 
20.000040 17.958115 
20.100040 18.008434 
20.200041 18.058479 
20.300041 18.108246 
20.400042 18.157742 
20.500042 18.206966 
20.600042 18.255920 
20.700043 18.304604 
20.800043 18.353020 
20.900043 18.401171 
21.000044 18.449055 
21.100044 18.496677 
21.200045 18.544035 
21.300045 18.591133 
21.400045 18.637970 
21.500046 18.684549 
21.600046 18.730871 
21.700047 18.776936 
21.800047 18.822748 
21.900047 18.868305 
22.000048 18.913612 
22.100048 18.958668 
22.200048 19.003471 
22.300049 19.048027 
22.400049 19.092339 
22.500050 19.136402 
22.600050 19.180220 
22.700050 19.223795 
22.800051 19.267128 
22.900051 19.310219 
23.000051 19.353073 
23.100052 19.395687 
23.200052 19.438061 
23.300053 19.480200 
23.400053 19.522106 
23.500053 19.563778 
23.600054 19.605213 
23.700054 19.646420 
23.800055 19.687395 
23.900055 19.728142 
24.000055 19.768661 
24.100056 19.808952 
24.200056 19.849018 
24.300056 19.888857 
24.400057 19.928474 
24.500057 19.967869 
24.600058 20.007042 
24.700058 20.045994 
24.800058 20.084728 
24.900059 20.123245 
25.000059 20.161541 
25.100060 20.199623 
25.200060 20.237492 
25.300060 20.275146 
25.400061 20.312588 
25.500061 20.349815 
25.600061 20.386833 
25.700062 20.423643 
25.800062 20.460243 
25.900063 20.496637 
26.000063 20.532824 
26.100063 20.568804 
26.200064 20.604580 
26.300064 20.640154 
26.400064 20.675526 
26.500065 20.710695 
26.600065 20.745665 
26.700066 20.780434 
26.800066 20.815006 
26.900066 20.849380 
27.000067 20.883558 
27.100067 20.917540 
27.200068 20.951328 
27.300068 20.984921 
27.400068 21.018324 
27.500069 21.051535 
27.600069 21.084553 
27.700069 21.117384 
27.800070 21.150024 
27.900070 21.182480 
28.000071 21.214746 
28.100071 21.246828 
28.200071 21.278725 
28.300072 21.310436 
28.400072 21.341965 
28.500072 21.373312 
28.600073 21.404478 
28.700073 21.435463 
28.800074 21.466269 
28.900074 21.496895 
29.000074 21.527346 
29.100075 21.557617 
29.200075 21.587713 
29.300076 21.617636 
29.400076 21.647385 
29.500076 21.676958 
29.600077 21.706360 
29.700077 21.735588 
29.800077 21.764648 
29.900078 21.793539 
30.000078 21.822258 
30.100079 21.850811 
30.200079 21.879196 
30.300079 21.907413 
30.400080 21.935467 
30.500080 21.963354 
30.600080 21.991077 
30.700081 22.018639 
30.800081 22.046036 
30.900082 22.073275 
31.000082 22.100349 
31.100082 22.127266 
31.200083 22.154022 
31.300083 22.180620 
31.400084 22.207062 
31.500084 22.233345 
31.600084 22.259472 
31.700085 22.285446 
31.800085 22.311264 
31.900085 22.336927 
32.000084 22.362438 
32.100082 22.387798 
32.200081 22.413006 
32.300079 22.438061 
32.400078 22.462969 
32.500076 22.487726 
32.600075 22.512335 
32.700073 22.536797 
32.800072 22.561111 
32.900070 22.585278 
33.000069 22.609303 
33.100067 22.633179 
33.200066 22.656914 
33.300064 22.680504 
33.400063 22.703953 
33.500061 22.727259 
33.600060 22.750423 
33.700058 22.773449 
33.800056 22.796333 
33.900055 22.819078 
34.000053 22.841686 
34.100052 22.864155 
34.200050 22.886488 
34.300049 22.908684 
34.400047 22.930744 
34.500046 22.952671 
34.600044 22.974461 
34.700043 22.996120 
34.800041 23.017645 
34.900040 23.039036 
35.000038 23.060299 
35.100037 23.081427 
35.200035 23.102427 
35.300034 23.123297 
35.400032 23.144037 
35.500031 23.164650 
35.600029 23.185135 
35.700027 23.205494 
35.800026 23.225723 
35.900024 23.245829 
36.000023 23.265808 
36.100021 23.285664 
36.200020 23.305397 
36.300018 23.325005 
36.400017 23.344490 
36.500015 23.363853 
36.600014 23.383095 
36.700012 23.402216 
36.800011 23.421215 
36.900009 23.440096 
37.000008 23.458858 
37.100006 23.477501 
37.200005 23.496027 
37.300003 23.514435 
37.400002 23.532726 
37.500000 23.550900 
37.599998 23.568960 
37.699997 23.586905 
37.799995 23.604734 
37.899994 23.622450 
37.999992 23.640053 
38.099991 23.657543 
38.199989 23.674923 
38.299988 23.692188 
38.399986 23.709343 
38.499985 23.726387 
38.599983 23.743322 
38.699982 23.760147 
38.799980 23.776865 
38.899979 23.793472 
38.999977 23.809973 
39.099976 23.826366 
39.199974 23.842653 
39.299973 23.858833 
39.399971 23.874908 
39.499969 23.890877 
39.599968 23.906742 
39.699966 23.922503 
39.799965 23.938160 
39.899963 23.953714 
39.999962 23.969166 
40.099960 23.984516 
40.199959 23.999763 
40.299957 24.014912 
40.399956 24.029959 
40.499954 24.044905 
40.599953 24.059753 
40.699951 24.074501 
40.799950 24.089151 
40.899948 24.103703 
40.999947 24.118156 
41.099945 24.132515 
41.199944 24.146774 
41.299942 24.160940 
41.399940 24.175009 
41.499939 24.188984 
41.599937 24.202862 
41.699936 24.216648 
41.799934 24.230339 
41.899933 24.243937 
41.999931 24.257442 
42.099930 24.270855 
42.199928 24.284176 
42.299927 24.297407 
42.399925 24.310547 
42.499924 24.323595 
42.599922 24.336554 
42.699921 24.349422 
42.799919 24.362202 
42.899918 24.374893 
42.999916 24.387497 
43.099915 24.400011 
43.199913 24.412439 
43.299911 24.424780 
43.399910 24.437035 
43.499908 24.449202 
43.599907 24.461285 
43.699905 24.473282 
43.799904 24.485195 
43.899902 24.497025 
43.999901 24.508768 
44.099899 24.520428 
44.199898 24.532005 
44.299896 24.543501 
44.399895 24.554914 
44.499893 24.566246 
44.599892 24.577494 
44.699890 24.588663 
44.799889 24.599751 
44.899887 24.610758 
44.999886 24.621687 
45.099884 24.632534 
45.199883 24.643303 
45.299881 24.653994 
45.399879 24.664606 
45.499878 24.675140 
45.599876 24.685596 
45.699875 24.695976 
45.799873 24.706282 
45.899872 24.716507 
45.999870 24.726658 
46.099869 24.736734 
46.199867 24.746733 
46.299866 24.756659 
46.399864 24.766510 
46.499863 24.776287 
46.599861 24.785990 
46.699860 24.795620 
46.799858 24.805176 
46.899857 24.814661 
46.999855 24.824072 
47.099854 24.833412 
47.199852 24.842680 
47.299850 24.851879 
47.399849 24.861004 
47.499847 24.870060 
47.599846 24.879045 
47.699844 24.887962 
47.799843 24.896809 
47.899841 24.905586 
47.999840 24.914295 
48.099838 24.922935 
48.199837 24.931509 
48.299835 24.940014 
48.399834 24.948452 
48.499832 24.956821 
48.599831 24.965126 
48.699829 24.973364 
48.799828 24.981535 
48.899826 24.989641 
48.999825 24.997681 
49.099823 25.005655 
49.199821 25.013567 
49.299820 25.021414 
49.399818 25.029196 
49.499817 25.036913 
49.599815 25.044567 
49.699814 25.052160 
49.799812 25.059689 
49.899811 25.067156 
49.999809 25.074560 
50.099808 25.081902 
50.199806 25.089184 
50.299805 25.096403 
50.399803 25.103561 
50.499802 25.110661 
50.599800 25.117697 
50.699799 25.124674 
50.799797 25.131594 
50.899796 25.138451 
50.999794 25.145250 
51.099792 25.151991 
51.199791 25.158672 
51.299789 25.165297 
51.399788 25.171862 
51.499786 25.178370 
51.599785 25.184820 
51.699783 25.191214 
51.799782 25.197552 
51.899780 25.203831 
51.999779 25.210054 
52.099777 25.216223 
52.199776 25.222334 
52.299774 25.228392 
52.399773 25.234392 
52.499771 25.240339 
52.599770 25.246231 
52.699768 25.252069 
52.799767 25.257853 
52.899765 25.263582 
52.999763 25.269258 
53.099762 25.274881 
53.199760 25.280453 
53.299759 25.285969 
53.399757 25.291435 
53.499756 25.296848 
53.599754 25.302208 
53.699753 25.307518 
53.799751 25.312775 
53.899750 25.317982 
53.999748 25.323137 
54.099747 25.328241 
54.199745 25.333296 
54.299744 25.338301 
54.399742 25.343256 
54.499741 25.348160 
54.599739 25.353016 
54.699738 25.357822 
54.799736 25.362579 
54.899734 25.367289 
54.999733 25.371948 
55.099731 25.376560 
55.199730 25.381124 
55.299728 25.385641 
55.399727 25.390110 
55.499725 25.394531 
55.599724 25.398907 
55.699722 25.403234 
55.799721 25.407516 
55.899719 25.411751 
55.999718 25.415941 
56.099716 25.420084 
56.199715 25.424181 
56.299713 25.428234 
56.399712 25.432241 
56.499710 25.436203 
56.599709 25.440121 
56.699707 25.443993 
56.799706 25.447823 
56.899704 25.451607 
56.999702 25.455349 
57.099701 25.459045 
57.199699 25.462700 
57.299698 25.466311 
57.399696 25.469877 
57.499695 25.473404 
57.599693 25.476885 
57.699692 25.480326 
57.799690 25.483725 
57.899689 25.487080 
57.999687 25.490395 
58.099686 25.493668 
58.199684 25.496899 
58.299683 25.500090 
58.399681 25.503241 
58.499680 25.506350 
58.599678 25.509418 
58.699677 25.512447 
58.799675 25.515436 
58.899673 25.518385 
58.999672 25.521294 
59.099670 25.524162 
59.199669 25.526993 
59.299667 25.529785 
59.399666 25.532536 
59.499664 25.535250 
59.599663 25.537926 
59.699661 25.540562 
59.799660 25.543161 
59.899658 25.545723 
59.999657 25.548244 
60.099655 25.550732 
60.199654 25.553179 
60.299652 25.555592 
60.399651 25.557964 
60.499649 25.560303 
60.599648 25.562603 
60.699646 25.564867 
60.799644 25.567097 
60.899643 25.569288 
60.999641 25.571444 
61.099640 25.573565 
61.199638 25.575649 
61.299637 25.577700 
61.399635 25.579714 
61.499634 25.581694 
61.599632 25.583639 
61.699631 25.585548 
61.799629 25.587425 
61.899628 25.589266 
61.999626 25.591072 
62.099625 25.592846 
62.199623 25.594585 
62.299622 25.596291 
62.399620 25.597963 
62.499619 25.599604 
62.599617 25.601210 
62.699615 25.602781 
62.799614 25.604322 
62.899612 25.605829 
62.999611 25.607306 
63.099609 25.608747 
63.199608 25.610159 
63.299606 25.611538 
63.399605 25.612885 
63.499603 25.614201 
63.599602 25.615484 
63.699600 25.616735 
63.799599 25.617958 
63.899597 25.619148 
63.999596 25.620306 
64.099594 25.621435 
64.199593 25.622534 
64.299591 25.623600 
64.399590 25.624638 
64.499588 25.625645 
64.599586 25.626623 
64.699585 25.627569 
64.799583 25.628489 
64.899582 25.629375 
64.999580 25.630236 
65.099579 25.631065 
65.199577 25.631865 
65.299576 25.632637 
65.399574 25.633381 
65.499573 25.634094 
65.599571 25.634779 
65.699570 25.635437 
65.799568 25.636066 
65.899567 25.636667 
65.999565 25.637239 
66.099564 25.637785 
66.199562 25.638304 
66.299561 25.638794 
66.399559 25.639256 
66.499557 25.639692 
66.599556 25.640100 
66.699554 25.640482 
66.799553 25.640837 
66.899551 25.641163 
66.999550 25.641464 
67.099548 25.641739 
67.199547 25.641989 
67.299545 25.642210 
67.399544 25.642406 
67.499542 25.642578 
67.599541 25.642721 
67.699539 25.642841 
67.799538 25.642935 
67.899536 25.643002 
67.999535 25.643044 
68.099533 25.643063 
68.199532 25.643055 
68.299530 25.643023 
68.399529 25.642965 
68.499527 25.642883 
68.599525 25.642776 
68.699524 25.642645 
68.799522 25.642490 
68.899521 25.642311 
68.999519 25.642109 
69.099518 25.641880 
69.199516 25.641630 
69.299515 25.641356 
69.399513 25.641056 
69.499512 25.640736 
69.599510 25.640390 
69.699509 25.640020 
69.799507 25.639629 
69.899506 25.639215 
69.999504 25.638779 
70.099503 25.638317 
70.199501 25.637835 
70.299500 25.637331 
70.399498 25.636803 
70.499496 25.636251 
70.599495 25.635679 
70.699493 25.635086 
70.799492 25.634470 
70.899490 25.633831 
70.999489 25.633171 
71.099487 25.632490 
71.199486 25.631786 
71.299484 25.631063 
71.399483 25.630316 
71.499481 25.629549 
71.599480 25.628761 
71.699478 25.627953 
71.799477 25.627123 
71.899475 25.626270 
71.999474 25.625401 
72.099472 25.624508 
72.199471 25.623594 
72.299469 25.622662 
72.399467 25.621708 
72.499466 25.620735 
72.599464 25.619741 
72.699463 25.618727 
72.799461 25.617695 
72.899460 25.616640 
72.999458 25.615568 
73.099457 25.614475 
73.199455 25.613363 
73.299454 25.612232 
73.399452 25.611080 
73.499451 25.609911 
73.599449 25.608721 
73.699448 25.607513 
73.799446 25.606287 
73.899445 25.605042 
73.999443 25.603775 
74.099442 25.602493 
74.199440 25.601191 
74.299438 25.599871 
74.399437 25.598532 
74.499435 25.597176 
74.599434 25.595800 
74.699432 25.594408 
74.799431 25.592997 
74.899429 25.591568 
74.999428 25.590120 
75.099426 25.588655 
75.199425 25.587173 
75.299423 25.585674 
75.399422 25.584156 
75.499420 25.582623 
75.599419 25.581070 
75.699417 25.579502 
75.799416 25.577915 
75.899414 25.576313 
75.999413 25.574692 
76.099411 25.573055 
76.199409 25.571402 
76.299408 25.569731 
76.399406 25.568043 
76.499405 25.566339 
76.599403 25.564619 
76.699402 25.562883 
76.799400 25.561131 
76.899399 25.559362 
76.999397 25.557577 
77.099396 25.555777 
77.199394 25.553959 
77.299393 25.552126 
77.399391 25.550278 
77.499390 25.548412 
77.599388 25.546534 
77.699387 25.544638 
77.799385 25.542727 
77.899384 25.540800 
77.999382 25.538858 
78.099380 25.536900 
78.199379 25.534927 
78.299377 25.532940 
78.399376 25.530939 
78.499374 25.528921 
78.599373 25.526888 
78.699371 25.524841 
78.799370 25.522779 
78.899368 25.520702 
78.999367 25.518612 
79.099365 25.516506 
79.199364 25.514387 
79.299362 25.512253 
79.399361 25.510103 
79.499359 25.507940 
79.599358 25.505764 
79.699356 25.503572 
79.799355 25.501368 
79.899353 25.499147 
79.999352 25.496916 
80.099350 25.494669 
80.199348 25.492407 
80.299347 25.490133 
80.399345 25.487846 
80.499344 25.485544 
80.599342 25.483229 
80.699341 25.480902 
80.799339 25.478559 
80.899338 25.476206 
80.999336 25.473837 
81.099335 25.471457 
81.199333 25.469061 
81.299332 25.466654 
81.399330 25.464235 
81.499329 25.461802 
81.599327 25.459356 
81.699326 25.456898 
81.799324 25.454426 
81.899323 25.451942 
81.999321 25.449446 
82.099319 25.446938 
82.199318 25.444416 
82.299316 25.441881 
82.399315 25.439335 
82.499313 25.436777 
82.599312 25.434206 
82.699310 25.431625 
82.799309 25.429029 
82.899307 25.426424 
82.999306 25.423805 
83.099304 25.421175 
83.199303 25.418531 
83.299301 25.415878 
83.399300 25.413212 
83.499298 25.410536 
83.599297 25.407846 
83.699295 25.405146 
83.799294 25.402433 
83.899292 25.399710 
83.999290 25.396975 
84.099289 25.394230 
84.199287 25.391472 
84.299286 25.388702 
84.399284 25.385923 
84.499283 25.383133 
84.599281 25.380331 
84.699280 25.377518 
84.799278 25.374695 
84.899277 25.371861 
84.999275 25.369015 
85.099274 25.366159 
85.199272 25.363293 
85.299271 25.360415 
85.399269 25.357527 
85.499268 25.354630 
85.599266 25.351719 
85.699265 25.348801 
85.799263 25.345871 
85.899261 25.342930 
85.999260 25.339979 
86.099258 25.337019 
86.199257 25.334049 
86.299255 25.331068 
86.399254 25.328077 
86.499252 25.325075 
86.599251 25.322063 
86.699249 25.319044 
86.799248 25.316013 
86.899246 25.312971 
86.999245 25.309921 
87.099243 25.306862 
87.199242 25.303791 
87.299240 25.300713 
87.399239 25.297623 
87.499237 25.294525 
87.599236 25.291416 
87.699234 25.288300 
87.799232 25.285172 
87.899231 25.282036 
87.999229 25.278891 
88.099228 25.275736 
88.199226 25.272572 
88.299225 25.269398 
88.399223 25.266216 
88.499222 25.263025 
88.599220 25.259825 
88.699219 25.256615 
88.799217 25.253397 
88.899216 25.250170 
88.999214 25.246933 
89.099213 25.243689 
89.199211 25.240435 
89.299210 25.237173 
89.399208 25.233902 
89.499207 25.230621 
89.599205 25.227333 
89.699203 25.224037 
89.799202 25.220732 
89.899200 25.217419 
89.999199 25.214096 
90.099197 25.210766 
90.199196 25.207426 
90.299194 25.204079 
90.399193 25.200724 
90.499191 25.197361 
90.599190 25.193989 
90.699188 25.190609 
90.799187 25.187220 
90.899185 25.183825 
90.999184 25.180420 
91.099182 25.177008 
91.199181 25.173588 
91.299179 25.170160 
91.399178 25.166725 
91.499176 25.163282 
91.599174 25.159830 
91.699173 25.156372 
91.799171 25.152905 
91.899170 25.149431 
91.999168 25.145948 
92.099167 25.142460 
92.199165 25.138962 
92.299164 25.135458 
92.399162 25.131947 
92.499161 25.128426 
92.599159 25.124899 
92.699158 25.121365 
92.799156 25.117825 
92.899155 25.114275 
92.999153 25.110720 
93.099152 25.107157 
93.199150 25.103586 
93.299149 25.100008 
93.399147 25.096424 
93.499146 25.092833 
93.599144 25.089233 
93.699142 25.085629 
93.799141 25.082014 
93.899139 25.078396 
93.999138 25.074768 
94.099136 25.071136 
94.199135 25.067495 
94.299133 25.063848 
94.399132 25.060194 
94.499130 25.056534 
94.599129 25.052868 
94.699127 25.049194 
94.799126 25.045513 
94.899124 25.041826 
94.999123 25.038134 
95.099121 25.034433 
95.199120 25.030725 
95.299118 25.027014 
95.399117 25.023294 
95.499115 25.019567 
95.599113 25.015837 
95.699112 25.012098 
95.799110 25.008352 
95.899109 25.004602 
95.999107 25.000845 
96.099106 24.997080 
96.199104 24.993311 
96.299103 24.989536 
96.399101 24.985754 
96.499100 24.981966 
96.599098 24.978172 
96.699097 24.974371 
96.799095 24.970566 
96.899094 24.966753 
96.999092 24.962936 
97.099091 24.959112 
97.199089 24.955282 
97.299088 24.951447 
97.399086 24.947605 
97.499084 24.943758 
97.599083 24.939905 
97.699081 24.936047 
97.799080 24.932182 
97.899078 24.928312 
97.999077 24.924437 
98.099075 24.920555 
98.199074 24.916668 
98.299072 24.912775 
98.399071 24.908878 
98.499069 24.904974 
98.599068 24.901066 
98.699066 24.897152 
98.799065 24.893232 
98.899063 24.889307 
98.999062 24.885376 
99.099060 24.881439 
99.199059 24.877499 
99.299057 24.873552 
99.399055 24.869600 
99.499054 24.865644 
99.599052 24.861681 
99.699051 24.857714 
99.799049 24.853741 
99.899048 24.849764 
