1.000000 0.000000 
1.100000 -4.882053 
1.200000 -5.361488 
1.300000 -5.838551 
1.400000 -6.313263 
1.500000 -6.785625 
1.600000 -7.255653 
1.700000 -7.723377 
1.800000 -8.188782 
1.900000 -8.651890 
2.000000 -9.112717 
2.100000 -9.571270 
2.200000 -10.027557 
2.300000 -10.481602 
2.400000 -10.933403 
2.500000 -11.382969 
2.600000 -11.830330 
2.700000 -12.275471 
2.799999 -12.718422 
2.899999 -13.159199 
2.999999 -13.597794 
3.099999 -14.034222 
3.199999 -14.468506 
3.299999 -14.900639 
3.399999 -15.330650 
3.499999 -15.758541 
3.599999 -16.184319 
3.699999 -16.607998 
3.799999 -17.029594 
3.899998 -17.449108 
3.999998 -17.866562 
4.099998 -18.281948 
4.199998 -18.695297 
4.299998 -19.106602 
4.399998 -19.515884 
4.499998 -19.923153 
4.599998 -20.328415 
4.699998 -20.731670 
4.799998 -21.132950 
4.899998 -21.532246 
4.999998 -21.929581 
5.099998 -22.324955 
5.199997 -22.718384 
5.299997 -23.109875 
5.399997 -23.499443 
5.499997 -23.887089 
5.599997 -24.272827 
5.699997 -24.656666 
5.799997 -25.038612 
5.899997 -25.418690 
5.999997 -25.796883 
6.099997 -26.173222 
6.199996 -26.547707 
6.299996 -26.920345 
6.399996 -27.291153 
6.499996 -27.660137 
6.599996 -28.027313 
6.699996 -28.392673 
6.799996 -28.756241 
6.899996 -29.118015 
6.999996 -29.478012 
7.099996 -29.836239 
7.199996 -30.192703 
7.299995 -30.547421 
7.399995 -30.900383 
7.499995 -31.251621 
7.599995 -31.601128 
7.699995 -31.948917 
7.799995 -32.294991 
7.899995 -32.639370 
7.999995 -32.982056 
8.099995 -33.323055 
8.199995 -33.662376 
8.299995 -34.000042 
8.399996 -34.336037 
8.499996 -34.670383 
8.599997 -35.003090 
8.699997 -35.334164 
8.799997 -35.663605 
8.899998 -35.991436 
8.999998 -36.317657 
9.099998 -36.642265 
9.199999 -36.965290 
9.299999 -37.286720 
9.400000 -37.606575 
9.500000 -37.924866 
9.600000 -38.241585 
9.700001 -38.556759 
9.800001 -38.870380 
9.900002 -39.182457 
10.000002 -39.493011 
10.100002 -39.802036 
10.200003 -40.109550 
10.300003 -40.415554 
10.400003 -40.720051 
10.500004 -41.023056 
10.600004 -41.324577 
10.700005 -41.624619 
10.800005 -41.923187 
10.900005 -42.220295 
11.000006 -42.515945 
11.100006 -42.810143 
11.200006 -43.102901 
11.300007 -43.394226 
11.400007 -43.684113 
11.500008 -43.972588 
11.600008 -44.259651 
11.700008 -44.545300 
11.800009 -44.829556 
11.900009 -45.112415 
12.000010 -45.393887 
12.100010 -45.673981 
12.200010 -45.952705 
12.300011 -46.230064 
12.400011 -46.506062 
12.500011 -46.780708 
12.600012 -47.054016 
12.700012 -47.325977 
12.800013 -47.596615 
12.900013 -47.865921 
13.000013 -48.133907 
13.100014 -48.400585 
13.200014 -48.665958 
13.300014 -48.930035 
13.400015 -49.192818 
13.500015 -49.454315 
13.600016 -49.714531 
13.700016 -49.973476 
13.800016 -50.231155 
13.900017 -50.487572 
14.000017 -50.742733 
14.100018 -50.996655 
14.200018 -51.249329 
14.300018 -51.500771 
14.400019 -51.750977 
14.500019 -51.999966 
14.600019 -52.247734 
14.700020 -52.494293 
14.800020 -52.739651 
14.900021 -52.983807 
15.000021 -53.226768 
15.100021 -53.468548 
15.200022 -53.709141 
15.300022 -53.948563 
15.400023 -54.186813 
15.500023 -54.423901 
15.600023 -54.659832 
15.700024 -54.894611 
15.800024 -55.128242 
15.900024 -55.360733 
16.000025 -55.592091 
16.100025 -55.822323 
16.200026 -56.051426 
16.300026 -56.279415 
16.400026 -56.506290 
16.500027 -56.732056 
16.600027 -56.956726 
16.700027 -57.180298 
16.800028 -57.402782 
16.900028 -57.624180 
17.000029 -57.844494 
17.100029 -58.063744 
17.200029 -58.281918 
17.300030 -58.499031 
17.400030 -58.715080 
17.500031 -58.930084 
17.600031 -59.144039 
17.700031 -59.356949 
17.800032 -59.568825 
17.900032 -59.779671 
18.000032 -59.989487 
18.100033 -60.198284 
18.200033 -60.406063 
18.300034 -60.612831 
18.400034 -60.818592 
18.500034 -61.023350 
18.600035 -61.227116 
18.700035 -61.429886 
18.800035 -61.631676 
18.900036 -61.832478 
19.000036 -62.032303 
19.100037 -62.231159 
19.200037 -62.429050 
19.300037 -62.625980 
19.400038 -62.821949 
19.500038 -63.016964 
19.600039 -63.211037 
19.700039 -63.404163 
19.800039 -63.596352 
19.900040 -63.787605 
20.000040 -63.977932 
20.100040 -64.167328 
20.200041 -64.355820 
20.300041 -64.543381 
20.400042 -64.730042 
20.500042 -64.915787 
20.600042 -65.100639 
20.700043 -65.284592 
20.800043 -65.467651 
20.900043 -65.649826 
21.000044 -65.831108 
21.100044 -66.011520 
21.200045 -66.191055 
21.300045 -66.369713 
21.400045 -66.547516 
21.500046 -66.724449 
21.600046 -66.900528 
21.700047 -67.075745 
21.800047 -67.250122 
21.900047 -67.423660 
22.000048 -67.596344 
22.100048 -67.768196 
22.200048 -67.939224 
22.300049 -68.109406 
22.400049 -68.278786 
22.500050 -68.447327 
22.600050 -68.615067 
22.700050 -68.781982 
22.800051 -68.948105 
22.900051 -69.113419 
23.000051 -69.277924 
23.100052 -69.441643 
23.200052 -69.604568 
23.300053 -69.766701 
23.400053 -69.928055 
23.500053 -70.088631 
23.600054 -70.248428 
23.700054 -70.407455 
23.800055 -70.565704 
23.900055 -70.723206 
24.000055 -70.879936 
24.100056 -71.035904 
24.200056 -71.191132 
24.300056 -71.345604 
24.400057 -71.499336 
24.500057 -71.652321 
24.600058 -71.804565 
24.700058 -71.956078 
24.800058 -72.106865 
24.900059 -72.256920 
25.000059 -72.406250 
25.100060 -72.554863 
25.200060 -72.702759 
25.300060 -72.849945 
25.400061 -72.996414 
25.500061 -73.142181 
25.600061 -73.287247 
25.700062 -73.431618 
25.800062 -73.575287 
25.900063 -73.718277 
26.000063 -73.860565 
26.100063 -74.002174 
26.200064 -74.143097 
26.300064 -74.283348 
26.400064 -74.422928 
26.500065 -74.561829 
26.600065 -74.700066 
26.700066 -74.837631 
26.800066 -74.974548 
26.900066 -75.110794 
27.000067 -75.246399 
27.100067 -75.381340 
27.200068 -75.515640 
27.300068 -75.649292 
27.400068 -75.782303 
27.500069 -75.914673 
27.600069 -76.046410 
27.700069 -76.177521 
27.800070 -76.307991 
27.900070 -76.437843 
28.000071 -76.567078 
28.100071 -76.695679 
28.200071 -76.823669 
28.300072 -76.951050 
28.400072 -77.077820 
28.500072 -77.203979 
28.600073 -77.329536 
28.700073 -77.454491 
28.800074 -77.578850 
28.900074 -77.702614 
29.000074 -77.825775 
29.100075 -77.948357 
29.200075 -78.070351 
29.300076 -78.191765 
29.400076 -78.312592 
29.500076 -78.432846 
29.600077 -78.552521 
29.700077 -78.671623 
29.800077 -78.790161 
29.900078 -78.908134 
30.000078 -79.025536 
30.100079 -79.142380 
30.200079 -79.258667 
30.300079 -79.374405 
30.400080 -79.489586 
30.500080 -79.604218 
30.600080 -79.718300 
30.700081 -79.831841 
30.800081 -79.944839 
30.900082 -80.057297 
31.000082 -80.169220 
31.100082 -80.280609 
31.200083 -80.391472 
31.300083 -80.501801 
31.400084 -80.611610 
31.500084 -80.720894 
31.600084 -80.829659 
31.700085 -80.937904 
31.800085 -81.045639 
31.900085 -81.152855 
32.000084 -81.259567 
32.100082 -81.365768 
32.200081 -81.471466 
32.300079 -81.576653 
32.400078 -81.681351 
32.500076 -81.785545 
32.600075 -81.889244 
32.700073 -81.992455 
32.800072 -82.095177 
32.900070 -82.197403 
33.000069 -82.299156 
33.100067 -82.400421 
33.200066 -82.501205 
33.300064 -82.601509 
33.400063 -82.701340 
33.500061 -82.800697 
33.600060 -82.899590 
33.700058 -82.998009 
33.800056 -83.095963 
33.900055 -83.193451 
34.000053 -83.290482 
34.100052 -83.387054 
34.200050 -83.483162 
34.300049 -83.578827 
34.400047 -83.674026 
34.500046 -83.768784 
34.600044 -83.863098 
34.700043 -83.956955 
34.800041 -84.050385 
34.900040 -84.143356 
35.000038 -84.235901 
35.100037 -84.328003 
35.200035 -84.419678 
35.300034 -84.510910 
35.400032 -84.601715 
35.500031 -84.692093 
35.600029 -84.782051 
35.700027 -84.871582 
35.800026 -84.960693 
35.900024 -85.049377 
36.000023 -85.137650 
36.100021 -85.225510 
36.200020 -85.312950 
36.300018 -85.399979 
36.400017 -85.486603 
36.500015 -85.572815 
36.600014 -85.658630 
36.700012 -85.744034 
36.800011 -85.829041 
36.900009 -85.913651 
37.000008 -85.997864 
37.100006 -86.081680 
37.200005 -86.165100 
37.300003 -86.248123 
37.400002 -86.330772 
37.500000 -86.413025 
37.599998 -86.494896 
37.699997 -86.576385 
37.799995 -86.657486 
37.899994 -86.738205 
37.999992 -86.818558 
38.099991 -86.898529 
38.199989 -86.978127 
38.299988 -87.057358 
38.399986 -87.136208 
38.499985 -87.214691 
38.599983 -87.292816 
38.699982 -87.370575 
38.799980 -87.447968 
38.899979 -87.524994 
38.999977 -87.601669 
39.099976 -87.677979 
39.199974 -87.753944 
39.299973 -87.829544 
39.399971 -87.904800 
39.499969 -87.979706 
39.599968 -88.054260 
39.699966 -88.128464 
39.799965 -88.202332 
39.899963 -88.275848 
39.999962 -88.349030 
40.099960 -88.421860 
40.199959 -88.494362 
40.299957 -88.566528 
40.399956 -88.638351 
40.499954 -88.709846 
40.599953 -88.781006 
40.699951 -88.851837 
40.799950 -88.922348 
40.899948 -88.992523 
40.999947 -89.062378 
41.099945 -89.131905 
41.199944 -89.201111 
41.299942 -89.270004 
41.399940 -89.338570 
41.499939 -89.406815 
41.599937 -89.474754 
41.699936 -89.542374 
41.799934 -89.609688 
41.899933 -89.676682 
41.999931 -89.743378 
42.099930 -89.809753 
42.199928 -89.875824 
42.299927 -89.941605 
42.399925 -90.007072 
42.499924 -90.072235 
42.599922 -90.137100 
42.699921 -90.201675 
42.799919 -90.265945 
42.899918 -90.329918 
42.999916 -90.393600 
43.099915 -90.456985 
43.199913 -90.520081 
43.299911 -90.582886 
43.399910 -90.645409 
43.499908 -90.707642 
43.599907 -90.769592 
43.699905 -90.831253 
43.799904 -90.892632 
43.899902 -90.953735 
43.999901 -91.014549 
44.099899 -91.075089 
44.199898 -91.135353 
44.299896 -91.195343 
44.399895 -91.255058 
44.499893 -91.314499 
44.599892 -91.373665 
44.699890 -91.432571 
44.799889 -91.491196 
44.899887 -91.549561 
44.999886 -91.607658 
45.099884 -91.665489 
45.199883 -91.723053 
45.299881 -91.780365 
45.399879 -91.837410 
45.499878 -91.894196 
45.599876 -91.950722 
45.699875 -92.006989 
45.799873 -92.063011 
45.899872 -92.118774 
45.999870 -92.174278 
46.099869 -92.229538 
46.199867 -92.284538 
46.299866 -92.339294 
46.399864 -92.393799 
46.499863 -92.448059 
46.599861 -92.502075 
46.699860 -92.555847 
46.799858 -92.609375 
46.899857 -92.662659 
46.999855 -92.715698 
47.099854 -92.768509 
47.199852 -92.821075 
47.299850 -92.873398 
47.399849 -92.925491 
47.499847 -92.977356 
47.599846 -93.028976 
47.699844 -93.080368 
47.799843 -93.131531 
47.899841 -93.182465 
47.999840 -93.233162 
48.099838 -93.283630 
48.199837 -93.333878 
48.299835 -93.383904 
48.399834 -93.433701 
48.499832 -93.483276 
48.599831 -93.532623 
48.699829 -93.581757 
48.799828 -93.630661 
48.899826 -93.679352 
48.999825 -93.727829 
49.099823 -93.776077 
49.199821 -93.824120 
49.299820 -93.871948 
49.399818 -93.919556 
49.499817 -93.966957 
49.599815 -94.014145 
49.699814 -94.061119 
49.799812 -94.107887 
49.899811 -94.154449 
49.999809 -94.200806 
50.099808 -94.246948 
50.199806 -94.292885 
50.299805 -94.338623 
50.399803 -94.384155 
50.499802 -94.429489 
50.599800 -94.474625 
50.699799 -94.519547 
50.799797 -94.564285 
50.899796 -94.608810 
50.999794 -94.653152 
51.099792 -94.697289 
51.199791 -94.741234 
51.299789 -94.784988 
51.399788 -94.828537 
51.499786 -94.871902 
51.599785 -94.915077 
51.699783 -94.958054 
51.799782 -95.000854 
51.899780 -95.043457 
51.999779 -95.085876 
52.099777 -95.128105 
52.199776 -95.170151 
52.299774 -95.212013 
52.399773 -95.253693 
52.499771 -95.295181 
52.599770 -95.336494 
52.699768 -95.377625 
52.799767 -95.418579 
52.899765 -95.459351 
52.999763 -95.499939 
53.099762 -95.540352 
53.199760 -95.580589 
53.299759 -95.620651 
53.399757 -95.660538 
53.499756 -95.700256 
53.599754 -95.739792 
53.699753 -95.779160 
53.799751 -95.818359 
53.899750 -95.857391 
53.999748 -95.896240 
54.099747 -95.934937 
54.199745 -95.973450 
54.299744 -96.011810 
54.399742 -96.049988 
54.499741 -96.088013 
54.599739 -96.125870 
54.699738 -96.163559 
54.799736 -96.201088 
54.899734 -96.238457 
54.999733 -96.275665 
55.099731 -96.312706 
55.199730 -96.349594 
55.299728 -96.386322 
55.399727 -96.422882 
55.499725 -96.459297 
55.599724 -96.495552 
55.699722 -96.531647 
55.799721 -96.567596 
55.899719 -96.603378 
55.999718 -96.639015 
56.099716 -96.674500 
56.199715 -96.709824 
56.299713 -96.745010 
56.399712 -96.780029 
56.499710 -96.814911 
56.599709 -96.849640 
56.699707 -96.884224 
56.799706 -96.918655 
56.899704 -96.952942 
56.999702 -96.987083 
57.099701 -97.021080 
57.199699 -97.054932 
57.299698 -97.088638 
57.399696 -97.122208 
57.499695 -97.155624 
57.599693 -97.188904 
57.699692 -97.222046 
57.799690 -97.255043 
57.899689 -97.287903 
57.999687 -97.320618 
58.099686 -97.353203 
58.199684 -97.385651 
58.299683 -97.417953 
58.399681 -97.450127 
58.499680 -97.482162 
58.599678 -97.514061 
58.699677 -97.545822 
58.799675 -97.577461 
58.899673 -97.608963 
58.999672 -97.640327 
59.099670 -97.671570 
59.199669 -97.702667 
59.299667 -97.733643 
59.399666 -97.764496 
59.499664 -97.795212 
59.599663 -97.825798 
59.699661 -97.856262 
59.799660 -97.886597 
59.899658 -97.916801 
59.999657 -97.946884 
60.099655 -97.976837 
60.199654 -98.006668 
60.299652 -98.036377 
60.399651 -98.065964 
60.499649 -98.095428 
60.599648 -98.124771 
60.699646 -98.153992 
60.799644 -98.183090 
60.899643 -98.212067 
60.999641 -98.240921 
61.099640 -98.269669 
61.199638 -98.298286 
61.299637 -98.326790 
61.399635 -98.355179 
61.499634 -98.383446 
61.599632 -98.411598 
61.699631 -98.439636 
61.799629 -98.467560 
61.899628 -98.495377 
61.999626 -98.523071 
62.099625 -98.550644 
62.199623 -98.578117 
62.299622 -98.605476 
62.399620 -98.632721 
62.499619 -98.659851 
62.599617 -98.686882 
62.699615 -98.713791 
62.799614 -98.740601 
62.899612 -98.767303 
62.999611 -98.793884 
63.099609 -98.820366 
63.199608 -98.846741 
63.299606 -98.873009 
63.399605 -98.899170 
63.499603 -98.925224 
63.599602 -98.951172 
63.699600 -98.977020 
63.799599 -99.002762 
63.899597 -99.028397 
63.999596 -99.053940 
64.099594 -99.079376 
64.199593 -99.104706 
64.299591 -99.129929 
64.399590 -99.155060 
64.499588 -99.180092 
64.599586 -99.205017 
64.699585 -99.229843 
64.799583 -99.254578 
64.899582 -99.279213 
64.999580 -99.303741 
65.099579 -99.328186 
65.199577 -99.352524 
65.299576 -99.376770 
65.399574 -99.400909 
65.499573 -99.424965 
65.599571 -99.448921 
65.699570 -99.472786 
65.799568 -99.496552 
65.899567 -99.520233 
65.999565 -99.543808 
66.099564 -99.567299 
66.199562 -99.590698 
66.299561 -99.613998 
66.399559 -99.637215 
66.499557 -99.660339 
66.599556 -99.683365 
66.699554 -99.706314 
66.799553 -99.729164 
66.899551 -99.751930 
66.999550 -99.774605 
67.099548 -99.797195 
67.199547 -99.819687 
67.299545 -99.842102 
67.399544 -99.864426 
67.499542 -99.886673 
67.599541 -99.908821 
67.699539 -99.930893 
67.799538 -99.952873 
67.899536 -99.974770 
67.999535 -99.996582 
68.099533 -100.018311 
68.199532 -100.039963 
68.299530 -100.061523 
68.399529 -100.083000 
68.499527 -100.104401 
68.599525 -100.125717 
68.699524 -100.146957 
68.799522 -100.168106 
68.899521 -100.189178 
68.999519 -100.210175 
69.099518 -100.231087 
69.199516 -100.251923 
69.299515 -100.272675 
69.399513 -100.293350 
69.499512 -100.313950 
69.599510 -100.334473 
69.699509 -100.354919 
69.799507 -100.375282 
69.899506 -100.395569 
69.999504 -100.415787 
70.099503 -100.435928 
70.199501 -100.455986 
70.299500 -100.475975 
70.399498 -100.495888 
70.499496 -100.515724 
70.599495 -100.535492 
70.699493 -100.555176 
70.799492 -100.574799 
70.899490 -100.594345 
70.999489 -100.613815 
71.099487 -100.633209 
71.199486 -100.652542 
71.299484 -100.671799 
71.399483 -100.690979 
71.499481 -100.710098 
71.599480 -100.729141 
71.699478 -100.748108 
71.799477 -100.767014 
71.899475 -100.785858 
71.999474 -100.804619 
72.099472 -100.823318 
72.199471 -100.841949 
72.299469 -100.860504 
72.399467 -100.878998 
72.499466 -100.897430 
72.599464 -100.915787 
72.699463 -100.934082 
72.799461 -100.952301 
72.899460 -100.970459 
72.999458 -100.988556 
73.099457 -101.006592 
73.199455 -101.024551 
73.299454 -101.042450 
73.399452 -101.060287 
73.499451 -101.078056 
73.599449 -101.095764 
73.699448 -101.113411 
73.799446 -101.130997 
73.899445 -101.148514 
73.999443 -101.165970 
74.099442 -101.183365 
74.199440 -101.200691 
74.299438 -101.217964 
74.399437 -101.235168 
74.499435 -101.252319 
74.599434 -101.269409 
74.699432 -101.286438 
74.799431 -101.303406 
74.899429 -101.320312 
74.999428 -101.337158 
75.099426 -101.353951 
75.199425 -101.370682 
75.299423 -101.387352 
75.399422 -101.403969 
75.499420 -101.420517 
75.599419 -101.437019 
75.699417 -101.453461 
75.799416 -101.469849 
75.899414 -101.486176 
75.999413 -101.502441 
76.099411 -101.518661 
76.199409 -101.534821 
76.299408 -101.550919 
76.399406 -101.566971 
76.499405 -101.582962 
76.599403 -101.598900 
76.699402 -101.614777 
76.799400 -101.630615 
76.899399 -101.646385 
76.999397 -101.662109 
77.099396 -101.677780 
77.199394 -101.693390 
77.299393 -101.708954 
77.399391 -101.724457 
77.499390 -101.739914 
77.599388 -101.755325 
77.699387 -101.770676 
77.799385 -101.785980 
77.899384 -101.801224 
77.999382 -101.816422 
78.099380 -101.831573 
78.199379 -101.846664 
78.299377 -101.861710 
78.399376 -101.876709 
78.499374 -101.891655 
78.599373 -101.906555 
78.699371 -101.921402 
78.799370 -101.936203 
78.899368 -101.950951 
78.999367 -101.965652 
79.099365 -101.980301 
79.199364 -101.994904 
79.299362 -102.009460 
79.399361 -102.023972 
79.499359 -102.038437 
79.599358 -102.052849 
79.699356 -102.067215 
79.799355 -102.081543 
79.899353 -102.095810 
79.999352 -102.110039 
80.099350 -102.124222 
80.199348 -102.138359 
80.299347 -102.152451 
80.399345 -102.166489 
80.499344 -102.180496 
80.599342 -102.194450 
80.699341 -102.208359 
80.799339 -102.222229 
80.899338 -102.236053 
80.999336 -102.249825 
81.099335 -102.263565 
81.199333 -102.277252 
81.299332 -102.290894 
81.399330 -102.304504 
81.499329 -102.318069 
81.599327 -102.331581 
81.699326 -102.345062 
81.799324 -102.358490 
81.899323 -102.371887 
81.999321 -102.385239 
82.099319 -102.398544 
82.199318 -102.411804 
82.299316 -102.425034 
82.399315 -102.438217 
82.499313 -102.451363 
82.599312 -102.464462 
82.699310 -102.477531 
82.799309 -102.490555 
82.899307 -102.503540 
82.999306 -102.516479 
83.099304 -102.529381 
83.199303 -102.542244 
83.299301 -102.555069 
83.399300 -102.567856 
83.499298 -102.580597 
83.599297 -102.593307 
83.699295 -102.605980 
83.799294 -102.618607 
83.899292 -102.631203 
83.999290 -102.643761 
84.099289 -102.656281 
84.199287 -102.668762 
84.299286 -102.681198 
84.399284 -102.693604 
84.499283 -102.705978 
84.599281 -102.718307 
84.699280 -102.730606 
84.799278 -102.742859 
84.899277 -102.755081 
84.999275 -102.767273 
85.099274 -102.779419 
85.199272 -102.791534 
85.299271 -102.803619 
85.399269 -102.815659 
85.499268 -102.827675 
85.599266 -102.839645 
85.699265 -102.851593 
85.799263 -102.863495 
85.899261 -102.875366 
85.999260 -102.887199 
86.099258 -102.899002 
86.199257 -102.910767 
86.299255 -102.922501 
86.399254 -102.934204 
86.499252 -102.945877 
86.599251 -102.957504 
86.699249 -102.969116 
86.799248 -102.980682 
86.899246 -102.992218 
86.999245 -103.003723 
87.099243 -103.015190 
87.199242 -103.026627 
87.299240 -103.038040 
87.399239 -103.049408 
87.499237 -103.060753 
87.599236 -103.072067 
87.699234 -103.083344 
87.799232 -103.094589 
87.899231 -103.105804 
87.999229 -103.116989 
88.099228 -103.128143 
88.199226 -103.139275 
88.299225 -103.150368 
88.399223 -103.161430 
88.499222 -103.172470 
88.599220 -103.183472 
88.699219 -103.194443 
88.799217 -103.205383 
88.899216 -103.216293 
88.999214 -103.227188 
89.099213 -103.238037 
89.199211 -103.248863 
89.299210 -103.259659 
89.399208 -103.270432 
89.499207 -103.281174 
89.599205 -103.291878 
89.699203 -103.302567 
89.799202 -103.313217 
89.899200 -103.323837 
89.999199 -103.334442 
90.099197 -103.345009 
90.199196 -103.355545 
90.299194 -103.366058 
90.399193 -103.376549 
90.499191 -103.387009 
90.599190 -103.397446 
90.699188 -103.407852 
90.799187 -103.418228 
90.899185 -103.428574 
90.999184 -103.438904 
91.099182 -103.449203 
91.199181 -103.459473 
91.299179 -103.469711 
91.399178 -103.479935 
91.499176 -103.490128 
91.599174 -103.500290 
91.699173 -103.510437 
91.799171 -103.520554 
91.899170 -103.530640 
91.999168 -103.540710 
92.099167 -103.550751 
92.199165 -103.560760 
92.299164 -103.570755 
92.399162 -103.580719 
92.499161 -103.590652 
92.599159 -103.600571 
92.699158 -103.610458 
92.799156 -103.620331 
92.899155 -103.630173 
92.999153 -103.639984 
93.099152 -103.649780 
93.199150 -103.659554 
93.299149 -103.669296 
93.399147 -103.679024 
93.499146 -103.688721 
93.599144 -103.698395 
93.699142 -103.708054 
93.799141 -103.717682 
93.899139 -103.727280 
93.999138 -103.736862 
94.099136 -103.746429 
94.199135 -103.755966 
94.299133 -103.765480 
94.399132 -103.774971 
94.499130 -103.784439 
94.599129 -103.793884 
94.699127 -103.803314 
94.799126 -103.812714 
94.899124 -103.822098 
94.999123 -103.831459 
95.099121 -103.840797 
95.199120 -103.850113 
95.299118 -103.859406 
95.399117 -103.868683 
95.499115 -103.877930 
95.599113 -103.887161 
95.699112 -103.896378 
95.799110 -103.905563 
95.899109 -103.914734 
95.999107 -103.923874 
96.099106 -103.932999 
96.199104 -103.942108 
96.299103 -103.951195 
96.399101 -103.960266 
96.499100 -103.969307 
96.599098 -103.978333 
96.699097 -103.987335 
96.799095 -103.996323 
96.899094 -104.005280 
96.999092 -104.014229 
97.099091 -104.023148 
97.199089 -104.032059 
97.299088 -104.040939 
97.399086 -104.049812 
97.499084 -104.058655 
97.599083 -104.067490 
97.699081 -104.076294 
97.799080 -104.085083 
97.899078 -104.093857 
97.999077 -104.102615 
98.099075 -104.111343 
98.199074 -104.120056 
98.299072 -104.128754 
98.399071 -104.137436 
98.499069 -104.146095 
98.599068 -104.154739 
98.699066 -104.163361 
98.799065 -104.171967 
98.899063 -104.180557 
98.999062 -104.189117 
99.099060 -104.197678 
99.199059 -104.206207 
99.299057 -104.214722 
99.399055 -104.223221 
99.499054 -104.231705 
99.599052 -104.240173 
99.699051 -104.248611 
99.799049 -104.257050 
99.899048 -104.265457 
