1.000000 0.000000 
1.100000 4.872051 
1.200000 5.341484 
1.300000 5.808544 
1.400000 6.273254 
1.500000 6.735615 
1.600000 7.195641 
1.700000 7.653362 
1.800000 8.108765 
1.900000 8.561871 
2.000000 9.012695 
2.100000 9.461246 
2.200000 9.907532 
2.300000 10.351574 
2.400000 10.793373 
2.500000 11.232937 
2.600000 11.670296 
2.700000 12.105434 
2.799999 12.538383 
2.899999 12.969158 
2.999999 13.397751 
3.099999 13.824177 
3.199999 14.248459 
3.299999 14.670589 
3.399999 15.090599 
3.499999 15.508488 
3.599999 15.924263 
3.699999 16.337940 
3.799999 16.749535 
3.899998 17.159046 
3.999998 17.566498 
4.099998 17.971882 
4.199998 18.375229 
4.299998 18.776531 
4.399998 19.175812 
4.499998 19.573078 
4.599998 19.968338 
4.699998 20.361591 
4.799998 20.752869 
4.899998 21.142162 
4.999998 21.529495 
5.099998 21.914867 
5.199997 22.298294 
5.299997 22.679783 
5.399997 23.059349 
5.499997 23.436993 
5.599997 23.812729 
5.699997 24.186565 
5.799997 24.558510 
5.899997 24.928585 
5.999997 25.296776 
6.099997 25.663113 
6.199996 26.027596 
6.299996 26.390232 
6.399996 26.751038 
6.499996 27.110020 
6.599996 27.467194 
6.699996 27.822552 
6.799996 28.176117 
6.899996 28.527889 
6.999996 28.877884 
7.099996 29.226109 
7.199996 29.572571 
7.299995 29.917286 
7.399995 30.260246 
7.499995 30.601482 
7.599995 30.940987 
7.699995 31.278774 
7.799995 31.614845 
7.899995 31.949223 
7.999995 32.281906 
8.099995 32.612904 
8.199995 32.942223 
8.299995 33.269886 
8.399996 33.595879 
8.499996 33.920223 
8.599997 34.242928 
8.699997 34.563999 
8.799997 34.883438 
8.899998 35.201267 
8.999998 35.517487 
9.099998 35.832092 
9.199999 36.145115 
9.299999 36.456543 
9.400000 36.766396 
9.500000 37.074684 
9.600000 37.381401 
9.700001 37.686573 
9.800001 37.990192 
9.900002 38.292267 
10.000002 38.592819 
10.100002 38.891842 
10.200003 39.189354 
10.300003 39.485355 
10.400003 39.779850 
10.500004 40.072853 
10.600004 40.364372 
10.700005 40.654411 
10.800005 40.942978 
10.900005 41.230083 
11.000006 41.515732 
11.100006 41.799927 
11.200006 42.082684 
11.300007 42.364006 
11.400007 42.643890 
11.500008 42.922363 
11.600008 43.199425 
11.700008 43.475071 
11.800009 43.749325 
11.900009 44.022182 
12.000010 44.293652 
12.100010 44.563744 
12.200010 44.832466 
12.300011 45.099823 
12.400011 45.365818 
12.500011 45.630463 
12.600012 45.893768 
12.700012 46.155727 
12.800013 46.416363 
12.900013 46.675667 
13.000013 46.933651 
13.100014 47.190327 
13.200014 47.445698 
13.300014 47.699772 
13.400015 47.952553 
13.500015 48.204048 
13.600016 48.454262 
13.700016 48.703205 
13.800016 48.950882 
13.900017 49.197296 
14.000017 49.442455 
14.100018 49.686375 
14.200018 49.929047 
14.300018 50.170486 
14.400019 50.410690 
14.500019 50.649677 
14.600019 50.887444 
14.700020 51.124001 
14.800020 51.359356 
14.900021 51.593510 
15.000021 51.826469 
15.100021 52.058247 
15.200022 52.288837 
15.300022 52.518257 
15.400023 52.746506 
15.500023 52.973591 
15.600023 53.199520 
15.700024 53.424297 
15.800024 53.647926 
15.900024 53.870415 
16.000025 54.091770 
16.100025 54.312000 
16.200026 54.531101 
16.300026 54.749088 
16.400026 54.965961 
16.500027 55.181725 
16.600027 55.396393 
16.700027 55.609962 
16.800028 55.822445 
16.900028 56.033840 
17.000029 56.244152 
17.100029 56.453400 
17.200029 56.661572 
17.300030 56.868683 
17.400030 57.074730 
17.500031 57.279732 
17.600031 57.483685 
17.700031 57.686592 
17.800032 57.888466 
17.900032 58.089310 
18.000032 58.289124 
18.100033 58.487919 
18.200033 58.685696 
18.300034 58.882462 
18.400034 59.078220 
18.500034 59.272976 
18.600035 59.466740 
18.700035 59.659508 
18.800035 59.851295 
18.900036 60.042095 
19.000036 60.231918 
19.100037 60.420773 
19.200037 60.608662 
19.300037 60.795589 
19.400038 60.981556 
19.500038 61.166569 
19.600039 61.350639 
19.700039 61.533764 
19.800039 61.715950 
19.900040 61.897202 
20.000040 62.077526 
20.100040 62.256924 
20.200041 62.435406 
20.300041 62.612972 
20.400042 62.789627 
20.500042 62.965374 
20.600042 63.140221 
20.700043 63.314171 
20.800043 63.487225 
20.900043 63.659397 
21.000044 63.830681 
21.100044 64.001083 
21.200045 64.170624 
21.300045 64.339279 
21.400045 64.507080 
21.500046 64.674011 
21.600046 64.840088 
21.700047 65.005302 
21.800047 65.169678 
21.900047 65.333206 
22.000048 65.495895 
22.100048 65.657745 
22.200048 65.818771 
22.300049 65.978958 
22.400049 66.138329 
22.500050 66.296875 
22.600050 66.454605 
22.700050 66.611526 
22.800051 66.767639 
22.900051 66.922943 
23.000051 67.077454 
23.100052 67.231171 
23.200052 67.384094 
23.300053 67.536224 
23.400053 67.687576 
23.500053 67.838150 
23.600054 67.987946 
23.700054 68.136963 
23.800055 68.285217 
23.900055 68.432716 
24.000055 68.579445 
24.100056 68.725418 
24.200056 68.870636 
24.300056 69.015106 
24.400057 69.158836 
24.500057 69.301819 
24.600058 69.444061 
24.700058 69.585571 
24.800058 69.726357 
24.900059 69.866409 
25.000059 70.005737 
25.100060 70.144348 
25.200060 70.282242 
25.300060 70.419426 
25.400061 70.555893 
25.500061 70.691666 
25.600061 70.826721 
25.700062 70.961090 
25.800062 71.094757 
25.900063 71.227745 
26.000063 71.360031 
26.100063 71.491638 
26.200064 71.622559 
26.300064 71.752808 
26.400064 71.882385 
26.500065 72.011284 
26.600065 72.139519 
26.700066 72.267090 
26.800066 72.393997 
26.900066 72.520248 
27.000067 72.645844 
27.100067 72.770782 
27.200068 72.895081 
27.300068 73.018723 
27.400068 73.141739 
27.500069 73.264107 
27.600069 73.385841 
27.700069 73.506943 
27.800070 73.627419 
27.900070 73.747269 
28.000071 73.866501 
28.100071 73.985100 
28.200071 74.103088 
28.300072 74.220467 
28.400072 74.337234 
28.500072 74.453392 
28.600073 74.568947 
28.700073 74.683899 
28.800074 74.798256 
28.900074 74.912018 
29.000074 75.025177 
29.100075 75.137756 
29.200075 75.249748 
29.300076 75.361160 
29.400076 75.471985 
29.500076 75.582237 
29.600077 75.691910 
29.700077 75.801010 
29.800077 75.909546 
29.900078 76.017517 
30.000078 76.124916 
30.100079 76.231758 
30.200079 76.338043 
30.300079 76.443779 
30.400080 76.548958 
30.500080 76.653587 
30.600080 76.757668 
30.700081 76.861206 
30.800081 76.964203 
30.900082 77.066658 
31.000082 77.168579 
31.100082 77.269966 
31.200083 77.370827 
31.300083 77.471153 
31.400084 77.570961 
31.500084 77.670242 
31.600084 77.769005 
31.700085 77.867249 
31.800085 77.964981 
31.900085 78.062195 
32.000084 78.158905 
32.100082 78.255096 
32.200081 78.350800 
32.300079 78.445984 
32.400078 78.540680 
32.500076 78.634872 
32.600075 78.728569 
32.700073 78.821777 
32.800072 78.914497 
32.900070 79.006721 
33.000069 79.098473 
33.100067 79.189728 
33.200066 79.280518 
33.300064 79.370819 
33.400063 79.460648 
33.500061 79.550003 
33.600060 79.638893 
33.700058 79.727310 
33.800056 79.815262 
33.900055 79.902748 
34.000053 79.989777 
34.100052 80.076340 
34.200050 80.162453 
34.300049 80.248108 
34.400047 80.333313 
34.500046 80.418076 
34.600044 80.502380 
34.700043 80.586243 
34.800041 80.669662 
34.900040 80.752640 
35.000038 80.835175 
35.100037 80.917274 
35.200035 80.998947 
35.300034 81.080177 
35.400032 81.160980 
35.500031 81.241364 
35.600029 81.321312 
35.700027 81.400841 
35.800026 81.479950 
35.900024 81.558632 
36.000023 81.636902 
36.100021 81.714752 
36.200020 81.792198 
36.300018 81.869232 
36.400017 81.945847 
36.500015 82.022064 
36.600014 82.097870 
36.700012 82.173279 
36.800011 82.248276 
36.900009 82.322876 
37.000008 82.397095 
37.100006 82.470901 
37.200005 82.544327 
37.300003 82.617355 
37.400002 82.689995 
37.500000 82.762245 
37.599998 82.834114 
37.699997 82.905594 
37.799995 82.976700 
37.899994 83.047424 
37.999992 83.117767 
38.099991 83.187737 
38.199989 83.257332 
38.299988 83.326553 
38.399986 83.395409 
38.499985 83.463898 
38.599983 83.532013 
38.699982 83.599762 
38.799980 83.667160 
38.899979 83.734184 
38.999977 83.800858 
39.099976 83.867172 
39.199974 83.933128 
39.299973 83.998734 
39.399971 84.063980 
39.499969 84.128883 
39.599968 84.193436 
39.699966 84.257645 
39.799965 84.321503 
39.899963 84.385017 
39.999962 84.448196 
40.099960 84.511032 
40.199959 84.573524 
40.299957 84.635681 
40.399956 84.697510 
40.499954 84.759003 
40.599953 84.820160 
40.699951 84.880997 
40.799950 84.941498 
40.899948 85.001671 
40.999947 85.061523 
41.099945 85.121048 
41.199944 85.180252 
41.299942 85.239136 
41.399940 85.297707 
41.499939 85.355957 
41.599937 85.413887 
41.699936 85.471504 
41.799934 85.528816 
41.899933 85.585815 
41.999931 85.642502 
42.099930 85.698875 
42.199928 85.754944 
42.299927 85.810715 
42.399925 85.866188 
42.499924 85.921349 
42.599922 85.976212 
42.699921 86.030777 
42.799919 86.085052 
42.899918 86.139023 
42.999916 86.192703 
43.099915 86.246086 
43.199913 86.299179 
43.299911 86.351990 
43.399910 86.404503 
43.499908 86.456734 
43.599907 86.508682 
43.699905 86.560333 
43.799904 86.611717 
43.899902 86.662811 
43.999901 86.713631 
44.099899 86.764168 
44.199898 86.814430 
44.299896 86.864418 
44.399895 86.914131 
44.499893 86.963562 
44.599892 87.012733 
44.699890 87.061630 
44.799889 87.110260 
44.899887 87.158623 
44.999886 87.206718 
45.099884 87.254547 
45.199883 87.302109 
45.299881 87.349419 
45.399879 87.396461 
45.499878 87.443245 
45.599876 87.489769 
45.699875 87.536041 
45.799873 87.582054 
45.899872 87.627808 
45.999870 87.673317 
46.099869 87.718567 
46.199867 87.763573 
46.299866 87.808327 
46.399864 87.852829 
46.499863 87.897095 
46.599861 87.941101 
46.699860 87.984863 
46.799858 88.028397 
46.899857 88.071678 
46.999855 88.114716 
47.099854 88.157516 
47.199852 88.200089 
47.299850 88.242416 
47.399849 88.284500 
47.499847 88.326355 
47.599846 88.367981 
47.699844 88.409370 
47.799843 88.450531 
47.899841 88.491455 
47.999840 88.532158 
48.099838 88.572632 
48.199837 88.612869 
48.299835 88.652893 
48.399834 88.692688 
48.499832 88.732254 
48.599831 88.771606 
48.699829 88.810730 
48.799828 88.849640 
48.899826 88.888329 
48.999825 88.926804 
49.099823 88.965057 
49.199821 89.003090 
49.299820 89.040909 
49.399818 89.078522 
49.499817 89.115921 
49.599815 89.153107 
49.699814 89.190079 
49.799812 89.226845 
49.899811 89.263405 
49.999809 89.299759 
50.099808 89.335892 
50.199806 89.371834 
50.299805 89.407578 
50.399803 89.443100 
50.499802 89.478432 
50.599800 89.513565 
50.699799 89.548492 
50.799797 89.583221 
50.899796 89.617752 
50.999794 89.652084 
51.099792 89.686218 
51.199791 89.720161 
51.299789 89.753906 
51.399788 89.787460 
51.499786 89.820831 
51.599785 89.853996 
51.699783 89.886978 
51.799782 89.919769 
51.899780 89.952377 
51.999779 89.984787 
52.099777 90.017014 
52.199776 90.049057 
52.299774 90.080917 
52.399773 90.112595 
52.499771 90.144081 
52.599770 90.175392 
52.699768 90.206520 
52.799767 90.237473 
52.899765 90.268234 
52.999763 90.298828 
53.099762 90.329239 
53.199760 90.359474 
53.299759 90.389542 
53.399757 90.419418 
53.499756 90.449127 
53.599754 90.478668 
53.699753 90.508041 
53.799751 90.537231 
53.899750 90.566254 
53.999748 90.595108 
54.099747 90.623795 
54.199745 90.652313 
54.299744 90.680664 
54.399742 90.708847 
54.499741 90.736870 
54.599739 90.764725 
54.699738 90.792412 
54.799736 90.819939 
54.899734 90.847305 
54.999733 90.874512 
55.099731 90.901550 
55.199730 90.928436 
55.299728 90.955154 
55.399727 90.981720 
55.499725 91.008133 
55.599724 91.034386 
55.699722 91.060478 
55.799721 91.086426 
55.899719 91.112206 
55.999718 91.137840 
56.099716 91.163315 
56.199715 91.188644 
56.299713 91.213821 
56.399712 91.238846 
56.499710 91.263733 
56.599709 91.288452 
56.699707 91.313034 
56.799706 91.337463 
56.899704 91.361755 
56.999702 91.385887 
57.099701 91.409882 
57.199699 91.433731 
57.299698 91.457436 
57.399696 91.481003 
57.499695 91.504417 
57.599693 91.527695 
57.699692 91.550827 
57.799690 91.573830 
57.899689 91.596680 
57.999687 91.619400 
58.099686 91.641983 
58.199684 91.664429 
58.299683 91.686729 
58.399681 91.708900 
58.499680 91.730927 
58.599678 91.752831 
58.699677 91.774597 
58.799675 91.796227 
58.899673 91.817719 
58.999672 91.839088 
59.099670 91.860321 
59.199669 91.881424 
59.299667 91.902405 
59.399666 91.923248 
59.499664 91.943954 
59.599663 91.964546 
59.699661 91.985001 
59.799660 92.005341 
59.899658 92.025543 
59.999657 92.045624 
60.099655 92.065582 
60.199654 92.085403 
60.299652 92.105118 
60.399651 92.124695 
60.499649 92.144157 
60.599648 92.163498 
60.699646 92.182709 
60.799644 92.201813 
60.899643 92.220787 
60.999641 92.239639 
61.099640 92.258377 
61.199638 92.277000 
61.299637 92.295502 
61.399635 92.313889 
61.499634 92.332153 
61.599632 92.350304 
61.699631 92.368347 
61.799629 92.386261 
61.899628 92.404068 
61.999626 92.421768 
62.099625 92.439346 
62.199623 92.456810 
62.299622 92.474167 
62.399620 92.491409 
62.499619 92.508545 
62.599617 92.525566 
62.699615 92.542480 
62.799614 92.559280 
62.899612 92.575974 
62.999611 92.592560 
63.099609 92.609039 
63.199608 92.625412 
63.299606 92.641678 
63.399605 92.657837 
63.499603 92.673889 
63.599602 92.689835 
63.699600 92.705681 
63.799599 92.721420 
63.899597 92.737061 
63.999596 92.752594 
64.099594 92.768021 
64.199593 92.783356 
64.299591 92.798584 
64.399590 92.813705 
64.499588 92.828735 
64.599586 92.843658 
64.699585 92.858490 
64.799583 92.873215 
64.899582 92.887848 
64.999580 92.902374 
65.099579 92.916809 
65.199577 92.931152 
65.299576 92.945389 
65.399574 92.959534 
65.499573 92.973587 
65.599571 92.987541 
65.699570 93.001404 
65.799568 93.015167 
65.899567 93.028839 
65.999565 93.042419 
66.099564 93.055908 
66.199562 93.069305 
66.299561 93.082611 
66.399559 93.095818 
66.499557 93.108932 
66.599556 93.121964 
66.699554 93.134903 
66.799553 93.147758 
66.899551 93.160522 
66.999550 93.173195 
67.099548 93.185776 
67.199547 93.198273 
67.299545 93.210693 
67.399544 93.223007 
67.499542 93.235245 
67.599541 93.247398 
67.699539 93.259460 
67.799538 93.271446 
67.899536 93.283340 
67.999535 93.295151 
68.099533 93.306877 
68.199532 93.318527 
68.299530 93.330086 
68.399529 93.341560 
68.499527 93.352959 
68.599525 93.364273 
68.699524 93.375504 
68.799522 93.386658 
68.899521 93.397736 
68.999519 93.408722 
69.099518 93.419632 
69.199516 93.430466 
69.299515 93.441223 
69.399513 93.451889 
69.499512 93.462494 
69.599510 93.473007 
69.699509 93.483444 
69.799507 93.493813 
69.899506 93.504105 
69.999504 93.514313 
70.099503 93.524445 
70.199501 93.534508 
70.299500 93.544495 
70.399498 93.554405 
70.499496 93.564240 
70.599495 93.574005 
70.699493 93.583694 
70.799492 93.593307 
70.899490 93.602844 
70.999489 93.612320 
71.099487 93.621719 
71.199486 93.631042 
71.299484 93.640289 
71.399483 93.649475 
71.499481 93.658585 
71.599480 93.667633 
71.699478 93.676605 
71.799477 93.685501 
71.899475 93.694336 
71.999474 93.703102 
72.099472 93.711792 
72.199471 93.720428 
72.299469 93.728981 
72.399467 93.737473 
72.499466 93.745895 
72.599464 93.754257 
72.699463 93.762543 
72.799461 93.770767 
72.899460 93.778931 
72.999458 93.787018 
73.099457 93.795044 
73.199455 93.803009 
73.299454 93.810905 
73.399452 93.818741 
73.499451 93.826508 
73.599449 93.834213 
73.699448 93.841858 
73.799446 93.849442 
73.899445 93.856949 
73.999443 93.864410 
74.099442 93.871796 
74.199440 93.879128 
74.299438 93.886398 
74.399437 93.893600 
74.499435 93.900749 
74.599434 93.907837 
74.699432 93.914856 
74.799431 93.921829 
74.899429 93.928734 
74.999428 93.935577 
75.099426 93.942368 
75.199425 93.949097 
75.299423 93.955765 
75.399422 93.962379 
75.499420 93.968933 
75.599419 93.975426 
75.699417 93.981865 
75.799416 93.988251 
75.899414 93.994576 
75.999413 94.000839 
76.099411 94.007050 
76.199409 94.013214 
76.299408 94.019318 
76.399406 94.025360 
76.499405 94.031349 
76.599403 94.037285 
76.699402 94.043167 
76.799400 94.048996 
76.899399 94.054764 
76.999397 94.060486 
77.099396 94.066147 
77.199394 94.071762 
77.299393 94.077316 
77.399391 94.082825 
77.499390 94.088287 
77.599388 94.093689 
77.699387 94.099030 
77.799385 94.104340 
77.899384 94.109581 
77.999382 94.114777 
78.099380 94.119919 
78.199379 94.125015 
78.299377 94.130066 
78.399376 94.135056 
78.499374 94.139999 
78.599373 94.144897 
78.699371 94.149742 
78.799370 94.154541 
78.899368 94.159286 
78.999367 94.163986 
79.099365 94.168640 
79.199364 94.173233 
79.299362 94.177795 
79.399361 94.182297 
79.499359 94.186752 
79.599358 94.191170 
79.699356 94.195534 
79.799355 94.199860 
79.899353 94.204132 
79.999352 94.208351 
80.099350 94.212532 
80.199348 94.216667 
80.299347 94.220749 
80.399345 94.224792 
80.499344 94.228798 
80.599342 94.232750 
80.699341 94.236656 
80.799339 94.240524 
80.899338 94.244339 
80.999336 94.248116 
81.099335 94.251846 
81.199333 94.255539 
81.299332 94.259186 
81.399330 94.262787 
81.499329 94.266342 
81.599327 94.269859 
81.699326 94.273331 
81.799324 94.276764 
81.899323 94.280151 
81.999321 94.283508 
82.099319 94.286812 
82.199318 94.290070 
82.299316 94.293297 
82.399315 94.296478 
82.499313 94.299622 
82.599312 94.302719 
82.699310 94.305786 
82.799309 94.308807 
82.899307 94.311783 
82.999306 94.314728 
83.099304 94.317627 
83.199303 94.320488 
83.299301 94.323311 
83.399300 94.326096 
83.499298 94.328842 
83.599297 94.331543 
83.699295 94.334213 
83.799294 94.336838 
83.899292 94.339432 
83.999290 94.341988 
84.099289 94.344498 
84.199287 94.346985 
84.299286 94.349419 
84.399284 94.351822 
84.499283 94.354187 
84.599281 94.356522 
84.699280 94.358810 
84.799278 94.361069 
84.899277 94.363297 
84.999275 94.365479 
85.099274 94.367630 
85.199272 94.369736 
85.299271 94.371819 
85.399269 94.373856 
85.499268 94.375870 
85.599266 94.377838 
85.699265 94.379776 
85.799263 94.381683 
85.899261 94.383545 
85.999260 94.385384 
86.099258 94.387184 
86.199257 94.388947 
86.299255 94.390686 
86.399254 94.392380 
86.499252 94.394051 
86.599251 94.395676 
86.699249 94.397278 
86.799248 94.398849 
86.899246 94.400375 
86.999245 94.401886 
87.099243 94.403351 
87.199242 94.404785 
87.299240 94.406189 
87.399239 94.407562 
87.499237 94.408905 
87.599236 94.410217 
87.699234 94.411491 
87.799232 94.412735 
87.899231 94.413956 
87.999229 94.415131 
88.099228 94.416290 
88.199226 94.417412 
88.299225 94.418503 
88.399223 94.419563 
88.499222 94.420593 
88.599220 94.421600 
88.699219 94.422569 
88.799217 94.423508 
88.899216 94.424423 
88.999214 94.425308 
89.099213 94.426155 
89.199211 94.426979 
89.299210 94.427780 
89.399208 94.428543 
89.499207 94.429276 
89.599205 94.429985 
89.699203 94.430664 
89.799202 94.431320 
89.899200 94.431946 
89.999199 94.432541 
90.099197 94.433105 
90.199196 94.433640 
90.299194 94.434158 
90.399193 94.434639 
90.499191 94.435097 
90.599190 94.435532 
90.699188 94.435928 
90.799187 94.436310 
90.899185 94.436661 
90.999184 94.436981 
91.099182 94.437271 
91.199181 94.437546 
91.299179 94.437790 
91.399178 94.438004 
91.499176 94.438194 
91.599174 94.438354 
91.699173 94.438499 
91.799171 94.438614 
91.899170 94.438705 
91.999168 94.438766 
92.099167 94.438797 
92.199165 94.438812 
92.299164 94.438797 
92.399162 94.438766 
92.499161 94.438705 
92.599159 94.438614 
92.699158 94.438507 
92.799156 94.438370 
92.899155 94.438210 
92.999153 94.438019 
93.099152 94.437820 
93.199150 94.437584 
93.299149 94.437332 
93.399147 94.437050 
93.499146 94.436745 
93.599144 94.436417 
93.699142 94.436066 
93.799141 94.435699 
93.899139 94.435303 
93.999138 94.434875 
94.099136 94.434433 
94.199135 94.433975 
94.299133 94.433487 
94.399132 94.432976 
94.499130 94.432449 
94.599129 94.431885 
94.699127 94.431313 
94.799126 94.430710 
94.899124 94.430099 
94.999123 94.429451 
95.099121 94.428787 
95.199120 94.428101 
95.299118 94.427399 
95.399117 94.426666 
95.499115 94.425919 
95.599113 94.425140 
95.699112 94.424347 
95.799110 94.423538 
95.899109 94.422699 
95.999107 94.421844 
96.099106 94.420975 
96.199104 94.420074 
96.299103 94.419159 
96.399101 94.418228 
96.499100 94.417267 
96.599098 94.416290 
96.699097 94.415291 
96.799095 94.414276 
96.899094 94.413239 
96.999092 94.412178 
97.099091 94.411102 
97.199089 94.410004 
97.299088 94.408890 
97.399086 94.407753 
97.499084 94.406601 
97.599083 94.405426 
97.699081 94.404236 
97.799080 94.403015 
97.899078 94.401787 
97.999077 94.400543 
98.099075 94.399269 
98.199074 94.397980 
98.299072 94.396683 
98.399071 94.395355 
98.499069 94.394012 
98.599068 94.392654 
98.699066 94.391273 
98.799065 94.389877 
98.899063 94.388458 
98.999062 94.387024 
99.099060 94.385574 
99.199059 94.384109 
99.299057 94.382629 
99.399055 94.381119 
99.499054 94.379601 
99.599052 94.378067 
99.699051 94.376511 
99.799049 94.374939 
99.899048 94.373344 
