1.000000 0.000000 
1.100000 -0.005001 
1.200000 -0.010002 
1.300000 -0.015003 
1.400000 -0.020004 
1.500000 -0.025005 
1.600000 -0.030006 
1.700000 -0.035007 
1.800000 -0.040009 
1.900000 -0.045010 
2.000000 -0.050011 
2.100000 -0.055012 
2.200000 -0.060013 
2.300000 -0.065014 
2.400000 -0.070015 
2.500000 -0.075016 
2.600000 -0.080017 
2.700000 -0.085018 
2.799999 -0.090019 
2.899999 -0.095020 
2.999999 -0.100021 
3.099999 -0.105022 
3.199999 -0.110023 
3.299999 -0.115025 
3.399999 -0.120026 
3.499999 -0.125027 
3.599999 -0.130028 
3.699999 -0.135029 
3.799999 -0.140030 
3.899998 -0.145031 
3.999998 -0.150032 
4.099998 -0.155033 
4.199998 -0.160034 
4.299998 -0.165035 
4.399998 -0.170036 
4.499998 -0.175037 
4.599998 -0.180038 
4.699998 -0.185040 
4.799998 -0.190041 
4.899998 -0.195042 
4.999998 -0.200043 
5.099998 -0.205044 
5.199997 -0.210045 
5.299997 -0.215046 
5.399997 -0.220047 
5.499997 -0.225048 
5.599997 -0.230049 
5.699997 -0.235050 
5.799997 -0.240051 
5.899997 -0.245052 
5.999997 -0.250053 
6.099997 -0.255054 
6.199996 -0.260056 
6.299996 -0.265057 
6.399996 -0.270058 
6.499996 -0.275059 
6.599996 -0.280060 
6.699996 -0.285061 
6.799996 -0.290062 
6.899996 -0.295063 
6.999996 -0.300064 
7.099996 -0.305065 
7.199996 -0.310066 
7.299995 -0.315067 
7.399995 -0.320068 
7.499995 -0.325069 
7.599995 -0.330070 
7.699995 -0.335072 
7.799995 -0.340073 
7.899995 -0.345074 
7.999995 -0.350075 
8.099995 -0.355076 
8.199995 -0.360077 
8.299995 -0.365078 
8.399996 -0.370079 
8.499996 -0.375080 
8.599997 -0.380081 
8.699997 -0.385082 
8.799997 -0.390083 
8.899998 -0.395084 
8.999998 -0.400085 
9.099998 -0.405087 
9.199999 -0.410088 
9.299999 -0.415089 
9.400000 -0.420090 
9.500000 -0.425091 
9.600000 -0.430092 
9.700001 -0.435093 
9.800001 -0.440094 
9.900002 -0.445095 
10.000002 -0.450096 
10.100002 -0.455097 
10.200003 -0.460098 
10.300003 -0.465099 
10.400003 -0.470100 
10.500004 -0.475101 
10.600004 -0.480103 
10.700005 -0.485104 
10.800005 -0.490105 
10.900005 -0.495106 
11.000006 -0.500107 
11.100006 -0.505108 
11.200006 -0.510109 
11.300007 -0.515110 
11.400007 -0.520111 
11.500008 -0.525112 
11.600008 -0.530113 
11.700008 -0.535114 
11.800009 -0.540115 
11.900009 -0.545116 
12.000010 -0.550117 
12.100010 -0.555119 
12.200010 -0.560120 
12.300011 -0.565121 
12.400011 -0.570122 
12.500011 -0.575123 
12.600012 -0.580124 
12.700012 -0.585125 
12.800013 -0.590126 
12.900013 -0.595127 
13.000013 -0.600128 
13.100014 -0.605129 
13.200014 -0.610130 
13.300014 -0.615131 
13.400015 -0.620132 
13.500015 -0.625134 
13.600016 -0.630135 
13.700016 -0.635136 
13.800016 -0.640137 
13.900017 -0.645138 
14.000017 -0.650139 
14.100018 -0.655140 
14.200018 -0.660141 
14.300018 -0.665142 
14.400019 -0.670143 
14.500019 -0.675144 
14.600019 -0.680145 
14.700020 -0.685146 
14.800020 -0.690147 
14.900021 -0.695148 
15.000021 -0.700150 
15.100021 -0.705151 
15.200022 -0.710152 
15.300022 -0.715153 
15.400023 -0.720154 
15.500023 -0.725155 
15.600023 -0.730156 
15.700024 -0.735157 
15.800024 -0.740158 
15.900024 -0.745159 
16.000025 -0.750160 
16.100025 -0.755161 
16.200026 -0.760162 
16.300026 -0.765163 
16.400026 -0.770164 
16.500027 -0.775166 
16.600027 -0.780167 
16.700027 -0.785168 
16.800028 -0.790169 
16.900028 -0.795170 
17.000029 -0.800171 
17.100029 -0.805172 
17.200029 -0.810173 
17.300030 -0.815174 
17.400030 -0.820175 
17.500031 -0.825176 
17.600031 -0.830177 
17.700031 -0.835178 
17.800032 -0.840179 
17.900032 -0.845181 
18.000032 -0.850182 
18.100033 -0.855183 
18.200033 -0.860184 
18.300034 -0.865185 
18.400034 -0.870186 
18.500034 -0.875187 
18.600035 -0.880188 
18.700035 -0.885189 
18.800035 -0.890190 
18.900036 -0.895191 
19.000036 -0.900192 
19.100037 -0.905193 
19.200037 -0.910194 
19.300037 -0.915195 
19.400038 -0.920197 
19.500038 -0.925198 
19.600039 -0.930199 
19.700039 -0.935200 
19.800039 -0.940201 
19.900040 -0.945202 
20.000040 -0.950203 
20.100040 -0.955204 
20.200041 -0.960205 
20.300041 -0.965206 
20.400042 -0.970207 
20.500042 -0.975208 
20.600042 -0.980209 
20.700043 -0.985210 
20.800043 -0.990211 
20.900043 -0.995213 
21.000044 -1.000214 
21.100044 -1.005215 
21.200045 -1.010216 
21.300045 -1.015217 
21.400045 -1.020218 
21.500046 -1.025219 
21.600046 -1.030220 
21.700047 -1.035221 
21.800047 -1.040222 
21.900047 -1.045223 
22.000048 -1.050224 
22.100048 -1.055225 
22.200048 -1.060226 
22.300049 -1.065228 
22.400049 -1.070229 
22.500050 -1.075230 
22.600050 -1.080231 
22.700050 -1.085232 
22.800051 -1.090233 
22.900051 -1.095234 
23.000051 -1.100235 
23.100052 -1.105236 
23.200052 -1.110237 
23.300053 -1.115238 
23.400053 -1.120239 
23.500053 -1.125240 
23.600054 -1.130241 
23.700054 -1.135242 
23.800055 -1.140244 
23.900055 -1.145245 
24.000055 -1.150246 
24.100056 -1.155247 
24.200056 -1.160248 
24.300056 -1.165249 
24.400057 -1.170250 
24.500057 -1.175251 
24.600058 -1.180252 
24.700058 -1.185253 
24.800058 -1.190254 
24.900059 -1.195255 
25.000059 -1.200256 
25.100060 -1.205257 
25.200060 -1.210258 
25.300060 -1.215260 
25.400061 -1.220261 
25.500061 -1.225262 
25.600061 -1.230263 
25.700062 -1.235264 
25.800062 -1.240265 
25.900063 -1.245266 
26.000063 -1.250267 
26.100063 -1.255268 
26.200064 -1.260269 
26.300064 -1.265270 
26.400064 -1.270271 
26.500065 -1.275272 
26.600065 -1.280273 
26.700066 -1.285275 
26.800066 -1.290276 
26.900066 -1.295277 
27.000067 -1.300278 
27.100067 -1.305279 
27.200068 -1.310280 
27.300068 -1.315281 
27.400068 -1.320282 
27.500069 -1.325283 
27.600069 -1.330284 
27.700069 -1.335285 
27.800070 -1.340286 
27.900070 -1.345287 
28.000071 -1.350288 
28.100071 -1.355289 
28.200071 -1.360291 
28.300072 -1.365292 
28.400072 -1.370293 
28.500072 -1.375294 
28.600073 -1.380295 
28.700073 -1.385296 
28.800074 -1.390297 
28.900074 -1.395298 
29.000074 -1.400299 
29.100075 -1.405300 
29.200075 -1.410301 
29.300076 -1.415302 
29.400076 -1.420303 
29.500076 -1.425304 
29.600077 -1.430305 
29.700077 -1.435307 
29.800077 -1.440308 
29.900078 -1.445309 
30.000078 -1.450310 
30.100079 -1.455311 
30.200079 -1.460312 
30.300079 -1.465313 
30.400080 -1.470314 
30.500080 -1.475315 
30.600080 -1.480316 
30.700081 -1.485317 
30.800081 -1.490318 
30.900082 -1.495319 
31.000082 -1.500320 
31.100082 -1.505322 
31.200083 -1.510323 
31.300083 -1.515324 
31.400084 -1.520325 
31.500084 -1.525326 
31.600084 -1.530327 
31.700085 -1.535328 
31.800085 -1.540329 
31.900085 -1.545330 
32.000084 -1.550331 
32.100082 -1.555332 
32.200081 -1.560333 
32.300079 -1.565334 
32.400078 -1.570335 
32.500076 -1.575336 
32.600075 -1.580338 
32.700073 -1.585339 
32.800072 -1.590340 
32.900070 -1.595341 
33.000069 -1.600342 
33.100067 -1.605343 
33.200066 -1.610344 
33.300064 -1.615345 
33.400063 -1.620346 
33.500061 -1.625347 
33.600060 -1.630348 
33.700058 -1.635349 
33.800056 -1.640350 
33.900055 -1.645351 
34.000053 -1.650352 
34.100052 -1.655354 
34.200050 -1.660355 
34.300049 -1.665356 
34.400047 -1.670357 
34.500046 -1.675358 
34.600044 -1.680359 
34.700043 -1.685360 
34.800041 -1.690361 
34.900040 -1.695362 
35.000038 -1.700363 
35.100037 -1.705364 
35.200035 -1.710365 
35.300034 -1.715366 
35.400032 -1.720367 
35.500031 -1.725368 
35.600029 -1.730370 
35.700027 -1.735371 
35.800026 -1.740372 
35.900024 -1.745373 
36.000023 -1.750374 
36.100021 -1.755375 
36.200020 -1.760376 
36.300018 -1.765377 
36.400017 -1.770378 
36.500015 -1.775379 
36.600014 -1.780380 
36.700012 -1.785381 
36.800011 -1.790382 
36.900009 -1.795383 
37.000008 -1.800385 
37.100006 -1.805386 
37.200005 -1.810387 
37.300003 -1.815388 
37.400002 -1.820389 
37.500000 -1.825390 
37.599998 -1.830391 
37.699997 -1.835392 
37.799995 -1.840393 
37.899994 -1.845394 
37.999992 -1.850395 
38.099991 -1.855396 
38.199989 -1.860397 
38.299988 -1.865398 
38.399986 -1.870399 
38.499985 -1.875401 
38.599983 -1.880402 
38.699982 -1.885403 
38.799980 -1.890404 
38.899979 -1.895405 
38.999977 -1.900406 
39.099976 -1.905407 
39.199974 -1.910408 
39.299973 -1.915409 
39.399971 -1.920410 
39.499969 -1.925411 
39.599968 -1.930412 
39.699966 -1.935413 
39.799965 -1.940414 
39.899963 -1.945415 
39.999962 -1.950417 
40.099960 -1.955418 
40.199959 -1.960419 
40.299957 -1.965420 
40.399956 -1.970421 
40.499954 -1.975422 
40.599953 -1.980423 
40.699951 -1.985424 
40.799950 -1.990425 
40.899948 -1.995426 
40.999947 -2.000427 
41.099945 -2.005428 
41.199944 -2.010429 
41.299942 -2.015430 
41.399940 -2.020432 
41.499939 -2.025433 
41.599937 -2.030434 
41.699936 -2.035435 
41.799934 -2.040436 
41.899933 -2.045437 
41.999931 -2.050438 
42.099930 -2.055439 
42.199928 -2.060440 
42.299927 -2.065441 
42.399925 -2.070442 
42.499924 -2.075443 
42.599922 -2.080444 
42.699921 -2.085445 
42.799919 -2.090446 
42.899918 -2.095448 
42.999916 -2.100449 
43.099915 -2.105450 
43.199913 -2.110451 
43.299911 -2.115452 
43.399910 -2.120453 
43.499908 -2.125454 
43.599907 -2.130455 
43.699905 -2.135456 
43.799904 -2.140457 
43.899902 -2.145458 
43.999901 -2.150459 
44.099899 -2.155460 
44.199898 -2.160461 
44.299896 -2.165462 
44.399895 -2.170464 
44.499893 -2.175465 
44.599892 -2.180466 
44.699890 -2.185467 
44.799889 -2.190468 
44.899887 -2.195469 
44.999886 -2.200470 
45.099884 -2.205471 
45.199883 -2.210472 
45.299881 -2.215473 
45.399879 -2.220474 
45.499878 -2.225475 
45.599876 -2.230476 
45.699875 -2.235477 
45.799873 -2.240479 
45.899872 -2.245480 
45.999870 -2.250481 
46.099869 -2.255482 
46.199867 -2.260483 
46.299866 -2.265484 
46.399864 -2.270485 
46.499863 -2.275486 
46.599861 -2.280487 
46.699860 -2.285488 
46.799858 -2.290489 
46.899857 -2.295490 
46.999855 -2.300491 
47.099854 -2.305492 
47.199852 -2.310493 
47.299850 -2.315495 
47.399849 -2.320496 
47.499847 -2.325497 
47.599846 -2.330498 
47.699844 -2.335499 
47.799843 -2.340500 
47.899841 -2.345501 
47.999840 -2.350502 
48.099838 -2.355503 
48.199837 -2.360504 
48.299835 -2.365505 
48.399834 -2.370506 
48.499832 -2.375507 
48.599831 -2.380508 
48.699829 -2.385509 
48.799828 -2.390511 
48.899826 -2.395512 
48.999825 -2.400513 
49.099823 -2.405514 
49.199821 -2.410515 
49.299820 -2.415516 
49.399818 -2.420517 
49.499817 -2.425518 
49.599815 -2.430519 
49.699814 -2.435520 
49.799812 -2.440521 
49.899811 -2.445522 
49.999809 -2.450523 
50.099808 -2.455524 
50.199806 -2.460526 
50.299805 -2.465527 
50.399803 -2.470528 
50.499802 -2.475529 
50.599800 -2.480530 
50.699799 -2.485531 
50.799797 -2.490532 
50.899796 -2.495533 
50.999794 -2.500534 
51.099792 -2.505535 
51.199791 -2.510536 
51.299789 -2.515537 
51.399788 -2.520538 
51.499786 -2.525539 
51.599785 -2.530540 
51.699783 -2.535542 
51.799782 -2.540543 
51.899780 -2.545544 
51.999779 -2.550545 
52.099777 -2.555546 
52.199776 -2.560547 
52.299774 -2.565548 
52.399773 -2.570549 
52.499771 -2.575550 
52.599770 -2.580551 
52.699768 -2.585552 
52.799767 -2.590553 
52.899765 -2.595554 
52.999763 -2.600555 
53.099762 -2.605556 
53.199760 -2.610558 
53.299759 -2.615559 
53.399757 -2.620560 
53.499756 -2.625561 
53.599754 -2.630562 
53.699753 -2.635563 
53.799751 -2.640564 
53.899750 -2.645565 
53.999748 -2.650566 
54.099747 -2.655567 
54.199745 -2.660568 
54.299744 -2.665569 
54.399742 -2.670570 
54.499741 -2.675571 
54.599739 -2.680573 
54.699738 -2.685574 
54.799736 -2.690575 
54.899734 -2.695576 
54.999733 -2.700577 
55.099731 -2.705578 
55.199730 -2.710579 
55.299728 -2.715580 
55.399727 -2.720581 
55.499725 -2.725582 
55.599724 -2.730583 
55.699722 -2.735584 
55.799721 -2.740585 
55.899719 -2.745586 
55.999718 -2.750587 
56.099716 -2.755589 
56.199715 -2.760590 
56.299713 -2.765591 
56.399712 -2.770592 
56.499710 -2.775593 
56.599709 -2.780594 
56.699707 -2.785595 
56.799706 -2.790596 
56.899704 -2.795597 
56.999702 -2.800598 
57.099701 -2.805599 
57.199699 -2.810600 
57.299698 -2.815601 
57.399696 -2.820602 
57.499695 -2.825603 
57.599693 -2.830605 
57.699692 -2.835606 
57.799690 -2.840607 
57.899689 -2.845608 
57.999687 -2.850609 
58.099686 -2.855610 
58.199684 -2.860611 
58.299683 -2.865612 
58.399681 -2.870613 
58.499680 -2.875614 
58.599678 -2.880615 
58.699677 -2.885616 
58.799675 -2.890617 
58.899673 -2.895618 
58.999672 -2.900620 
59.099670 -2.905621 
59.199669 -2.910622 
59.299667 -2.915623 
59.399666 -2.920624 
59.499664 -2.925625 
59.599663 -2.930626 
59.699661 -2.935627 
59.799660 -2.940628 
59.899658 -2.945629 
59.999657 -2.950630 
60.099655 -2.955631 
60.199654 -2.960632 
60.299652 -2.965633 
60.399651 -2.970634 
60.499649 -2.975636 
60.599648 -2.980637 
60.699646 -2.985638 
60.799644 -2.990639 
60.899643 -2.995640 
60.999641 -3.000641 
61.099640 -3.005642 
61.199638 -3.010643 
61.299637 -3.015644 
61.399635 -3.020645 
61.499634 -3.025646 
61.599632 -3.030647 
61.699631 -3.035648 
61.799629 -3.040649 
61.899628 -3.045650 
61.999626 -3.050652 
62.099625 -3.055653 
62.199623 -3.060654 
62.299622 -3.065655 
62.399620 -3.070656 
62.499619 -3.075657 
62.599617 -3.080658 
62.699615 -3.085659 
62.799614 -3.090660 
62.899612 -3.095661 
62.999611 -3.100662 
63.099609 -3.105663 
63.199608 -3.110664 
63.299606 -3.115665 
63.399605 -3.120667 
63.499603 -3.125668 
63.599602 -3.130669 
63.699600 -3.135670 
63.799599 -3.140671 
63.899597 -3.145672 
63.999596 -3.150673 
64.099594 -3.155674 
64.199593 -3.160675 
64.299591 -3.165676 
64.399590 -3.170677 
64.499588 -3.175678 
64.599586 -3.180679 
64.699585 -3.185680 
64.799583 -3.190681 
64.899582 -3.195683 
64.999580 -3.200684 
65.099579 -3.205685 
65.199577 -3.210686 
65.299576 -3.215687 
65.399574 -3.220688 
65.499573 -3.225689 
65.599571 -3.230690 
65.699570 -3.235691 
65.799568 -3.240692 
65.899567 -3.245693 
65.999565 -3.250694 
66.099564 -3.255695 
66.199562 -3.260696 
66.299561 -3.265697 
66.399559 -3.270699 
66.499557 -3.275700 
66.599556 -3.280701 
66.699554 -3.285702 
66.799553 -3.290703 
66.899551 -3.295704 
66.999550 -3.300705 
67.099548 -3.305706 
67.199547 -3.310707 
67.299545 -3.315708 
67.399544 -3.320709 
67.499542 -3.325710 
67.599541 -3.330711 
67.699539 -3.335712 
67.799538 -3.340714 
67.899536 -3.345715 
67.999535 -3.350716 
68.099533 -3.355717 
68.199532 -3.360718 
68.299530 -3.365719 
68.399529 -3.370720 
68.499527 -3.375721 
68.599525 -3.380722 
68.699524 -3.385723 
68.799522 -3.390724 
68.899521 -3.395725 
68.999519 -3.400726 
69.099518 -3.405727 
69.199516 -3.410728 
69.299515 -3.415730 
69.399513 -3.420731 
69.499512 -3.425732 
69.599510 -3.430733 
69.699509 -3.435734 
69.799507 -3.440735 
69.899506 -3.445736 
69.999504 -3.450737 
70.099503 -3.455738 
70.199501 -3.460739 
70.299500 -3.465740 
70.399498 -3.470741 
70.499496 -3.475742 
70.599495 -3.480743 
70.699493 -3.485744 
70.799492 -3.490746 
70.899490 -3.495747 
70.999489 -3.500748 
71.099487 -3.505749 
71.199486 -3.510750 
71.299484 -3.515751 
71.399483 -3.520752 
71.499481 -3.525753 
71.599480 -3.530754 
71.699478 -3.535755 
71.799477 -3.540756 
71.899475 -3.545757 
71.999474 -3.550758 
72.099472 -3.555759 
72.199471 -3.560760 
72.299469 -3.565762 
72.399467 -3.570763 
72.499466 -3.575764 
72.599464 -3.580765 
72.699463 -3.585766 
72.799461 -3.590767 
72.899460 -3.595768 
72.999458 -3.600769 
73.099457 -3.605770 
73.199455 -3.610771 
73.299454 -3.615772 
73.399452 -3.620773 
73.499451 -3.625774 
73.599449 -3.630775 
73.699448 -3.635777 
73.799446 -3.640778 
73.899445 -3.645779 
73.999443 -3.650780 
74.099442 -3.655781 
74.199440 -3.660782 
74.299438 -3.665783 
74.399437 -3.670784 
74.499435 -3.675785 
74.599434 -3.680786 
74.699432 -3.685787 
74.799431 -3.690788 
74.899429 -3.695789 
74.999428 -3.700790 
75.099426 -3.705791 
75.199425 -3.710793 
75.299423 -3.715794 
75.399422 -3.720795 
75.499420 -3.725796 
75.599419 -3.730797 
75.699417 -3.735798 
75.799416 -3.740799 
75.899414 -3.745800 
75.999413 -3.750801 
76.099411 -3.755802 
76.199409 -3.760803 
76.299408 -3.765804 
76.399406 -3.770805 
76.499405 -3.775806 
76.599403 -3.780807 
76.699402 -3.785809 
76.799400 -3.790810 
76.899399 -3.795811 
76.999397 -3.800812 
77.099396 -3.805813 
77.199394 -3.810814 
77.299393 -3.815815 
77.399391 -3.820816 
77.499390 -3.825817 
77.599388 -3.830818 
77.699387 -3.835819 
77.799385 -3.840820 
77.899384 -3.845821 
77.999382 -3.850822 
78.099380 -3.855824 
78.199379 -3.860825 
78.299377 -3.865826 
78.399376 -3.870827 
78.499374 -3.875828 
78.599373 -3.880829 
78.699371 -3.885830 
78.799370 -3.890831 
78.899368 -3.895832 
78.999367 -3.900833 
79.099365 -3.905834 
79.199364 -3.910835 
79.299362 -3.915836 
79.399361 -3.920837 
79.499359 -3.925838 
79.599358 -3.930840 
79.699356 -3.935841 
79.799355 -3.940842 
79.899353 -3.945843 
79.999352 -3.950844 
80.099350 -3.955845 
80.199348 -3.960846 
80.299347 -3.965847 
80.399345 -3.970848 
80.499344 -3.975849 
80.599342 -3.980850 
80.699341 -3.985851 
80.799339 -3.990852 
80.899338 -3.995853 
80.999336 -4.000854 
81.099335 -4.005856 
81.199333 -4.010857 
81.299332 -4.015858 
81.399330 -4.020859 
81.499329 -4.025860 
81.599327 -4.030861 
81.699326 -4.035862 
81.799324 -4.040863 
81.899323 -4.045864 
81.999321 -4.050865 
82.099319 -4.055866 
82.199318 -4.060867 
82.299316 -4.065868 
82.399315 -4.070869 
82.499313 -4.075871 
82.599312 -4.080872 
82.699310 -4.085873 
82.799309 -4.090874 
82.899307 -4.095875 
82.999306 -4.100876 
83.099304 -4.105877 
83.199303 -4.110878 
83.299301 -4.115879 
83.399300 -4.120880 
83.499298 -4.125881 
83.599297 -4.130882 
83.699295 -4.135883 
83.799294 -4.140884 
83.899292 -4.145885 
83.999290 -4.150887 
84.099289 -4.155888 
84.199287 -4.160889 
84.299286 -4.165890 
84.399284 -4.170891 
84.499283 -4.175892 
84.599281 -4.180893 
84.699280 -4.185894 
84.799278 -4.190895 
84.899277 -4.195896 
84.999275 -4.200897 
85.099274 -4.205898 
85.199272 -4.210899 
85.299271 -4.215900 
85.399269 -4.220901 
85.499268 -4.225903 
85.599266 -4.230904 
85.699265 -4.235905 
85.799263 -4.240906 
85.899261 -4.245907 
85.999260 -4.250908 
86.099258 -4.255909 
86.199257 -4.260910 
86.299255 -4.265911 
86.399254 -4.270912 
86.499252 -4.275913 
86.599251 -4.280914 
86.699249 -4.285915 
86.799248 -4.290916 
86.899246 -4.295918 
86.999245 -4.300919 
87.099243 -4.305920 
87.199242 -4.310921 
87.299240 -4.315922 
87.399239 -4.320923 
87.499237 -4.325924 
87.599236 -4.330925 
87.699234 -4.335926 
87.799232 -4.340927 
87.899231 -4.345928 
87.999229 -4.350929 
88.099228 -4.355930 
88.199226 -4.360931 
88.299225 -4.365932 
88.399223 -4.370934 
88.499222 -4.375935 
88.599220 -4.380936 
88.699219 -4.385937 
88.799217 -4.390938 
88.899216 -4.395939 
88.999214 -4.400940 
89.099213 -4.405941 
89.199211 -4.410942 
89.299210 -4.415943 
89.399208 -4.420944 
89.499207 -4.425945 
89.599205 -4.430946 
89.699203 -4.435947 
89.799202 -4.440948 
89.899200 -4.445950 
89.999199 -4.450951 
90.099197 -4.455952 
90.199196 -4.460953 
90.299194 -4.465954 
90.399193 -4.470955 
90.499191 -4.475956 
90.599190 -4.480957 
90.699188 -4.485958 
90.799187 -4.490959 
90.899185 -4.495960 
90.999184 -4.500961 
91.099182 -4.505962 
91.199181 -4.510963 
91.299179 -4.515965 
91.399178 -4.520966 
91.499176 -4.525967 
91.599174 -4.530968 
91.699173 -4.535969 
91.799171 -4.540970 
91.899170 -4.545971 
91.999168 -4.550972 
92.099167 -4.555973 
92.199165 -4.560974 
92.299164 -4.565975 
92.399162 -4.570976 
92.499161 -4.575977 
92.599159 -4.580978 
92.699158 -4.585979 
92.799156 -4.590981 
92.899155 -4.595982 
92.999153 -4.600983 
93.099152 -4.605984 
93.199150 -4.610985 
93.299149 -4.615986 
93.399147 -4.620987 
93.499146 -4.625988 
93.599144 -4.630989 
93.699142 -4.635990 
93.799141 -4.640991 
93.899139 -4.645992 
93.999138 -4.650993 
94.099136 -4.655994 
94.199135 -4.660995 
94.299133 -4.665997 
94.399132 -4.670998 
94.499130 -4.675999 
94.599129 -4.681000 
94.699127 -4.686001 
94.799126 -4.691002 
94.899124 -4.696003 
94.999123 -4.701004 
95.099121 -4.706005 
95.199120 -4.711006 
95.299118 -4.716007 
95.399117 -4.721008 
95.499115 -4.726009 
95.599113 -4.731010 
95.699112 -4.736012 
95.799110 -4.741013 
95.899109 -4.746014 
95.999107 -4.751015 
96.099106 -4.756016 
96.199104 -4.761017 
96.299103 -4.766018 
96.399101 -4.771019 
96.499100 -4.776020 
96.599098 -4.781021 
96.699097 -4.786022 
96.799095 -4.791023 
96.899094 -4.796024 
96.999092 -4.801025 
97.099091 -4.806026 
97.199089 -4.811028 
97.299088 -4.816029 
97.399086 -4.821030 
97.499084 -4.826031 
97.599083 -4.831032 
97.699081 -4.836033 
97.799080 -4.841034 
97.899078 -4.846035 
97.999077 -4.851036 
98.099075 -4.856037 
98.199074 -4.861038 
98.299072 -4.866039 
98.399071 -4.871040 
98.499069 -4.876041 
98.599068 -4.881042 
98.699066 -4.886044 
98.799065 -4.891045 
98.899063 -4.896046 
98.999062 -4.901047 
99.099060 -4.906048 
99.199059 -4.911049 
99.299057 -4.916050 
99.399055 -4.921051 
99.499054 -4.926052 
99.599052 -4.931053 
99.699051 -4.936054 
99.799049 -4.941055 
99.899048 -4.946056 
