1.000000 0.000000 
1.100000 2.433525 
1.200000 2.665741 
1.300000 2.896770 
1.400000 3.126625 
1.500000 3.355305 
1.600000 3.582817 
1.700000 3.809177 
1.800000 4.034378 
1.900000 4.258430 
2.000000 4.481342 
2.100000 4.703117 
2.200000 4.923759 
2.300000 5.143280 
2.400000 5.361679 
2.500000 5.578960 
2.600000 5.795139 
2.700000 6.010208 
2.799999 6.224182 
2.899999 6.437069 
2.999999 6.648865 
3.099999 6.859577 
3.199999 7.069218 
3.299999 7.277782 
3.399999 7.485287 
3.499999 7.691730 
3.599999 7.897118 
3.699999 8.101456 
3.799999 8.304752 
3.899998 8.507008 
3.999998 8.708233 
4.099998 8.908424 
4.199998 9.107597 
4.299998 9.305748 
4.399998 9.502888 
4.499998 9.699020 
4.599998 9.894150 
4.699998 10.088276 
4.799998 10.281414 
4.899998 10.473560 
4.999998 10.664726 
5.099998 10.854912 
5.199997 11.044125 
5.299997 11.232368 
5.399997 11.419651 
5.499997 11.605972 
5.599997 11.791340 
5.699997 11.975758 
5.799997 12.159229 
5.899997 12.341766 
5.999997 12.523361 
6.099997 12.704029 
6.199996 12.883770 
6.299996 13.062588 
6.399996 13.240490 
6.499996 13.417480 
6.599996 13.593567 
6.699996 13.768745 
6.799996 13.943027 
6.899996 14.116413 
6.999996 14.288910 
7.099996 14.460522 
7.199996 14.631252 
7.299995 14.801109 
7.399995 14.970089 
7.499995 15.138206 
7.599995 15.305458 
7.699995 15.471851 
7.799995 15.637386 
7.899995 15.802074 
7.999995 15.965916 
8.099995 16.128914 
8.199995 16.291073 
8.299995 16.452404 
8.399996 16.612900 
8.499996 16.772572 
8.599997 16.931423 
8.699997 17.089458 
8.799997 17.246677 
8.899998 17.403091 
8.999998 17.558701 
9.099998 17.713503 
9.199999 17.867514 
9.299999 18.020727 
9.400000 18.173153 
9.500000 18.324797 
9.600000 18.475655 
9.700001 18.625740 
9.800001 18.775049 
9.900002 18.923586 
10.000002 19.071362 
10.100002 19.218372 
10.200003 19.364628 
10.300003 19.510128 
10.400003 19.654875 
10.500004 19.798876 
10.600004 19.942135 
10.700005 20.084654 
10.800005 20.226437 
10.900005 20.367489 
11.000006 20.507812 
11.100006 20.647409 
11.200006 20.786287 
11.300007 20.924448 
11.400007 21.061890 
11.500008 21.198626 
11.600008 21.334656 
11.700008 21.469978 
11.800009 21.604605 
11.900009 21.738533 
12.000010 21.871767 
12.100010 22.004313 
12.200010 22.136173 
12.300011 22.267351 
12.400011 22.397848 
12.500011 22.527670 
12.600012 22.656822 
12.700012 22.785301 
12.800013 22.913118 
12.900013 23.040270 
13.000013 23.166761 
13.100014 23.292599 
13.200014 23.417784 
13.300014 23.542320 
13.400015 23.666210 
13.500015 23.789457 
13.600016 23.912064 
13.700016 24.034035 
13.800016 24.155373 
13.900017 24.276079 
14.000017 24.396158 
14.100018 24.515617 
14.200018 24.634453 
14.300018 24.752672 
14.400019 24.870274 
14.500019 24.987267 
14.600019 25.103649 
14.700020 25.219427 
14.800020 25.334604 
14.900021 25.449181 
15.000021 25.563160 
15.100021 25.676548 
15.200022 25.789343 
15.300022 25.901552 
15.400023 26.013176 
15.500023 26.124218 
15.600023 26.234682 
15.700024 26.344570 
15.800024 26.453884 
15.900024 26.562628 
16.000025 26.670805 
16.100025 26.778419 
16.200026 26.885469 
16.300026 26.991962 
16.400026 27.097898 
16.500027 27.203279 
16.600027 27.308113 
16.700027 27.412397 
16.800028 27.516138 
16.900028 27.619335 
17.000029 27.721991 
17.100029 27.824114 
17.200029 27.925699 
17.300030 28.026754 
17.400030 28.127277 
17.500031 28.227278 
17.600031 28.326754 
17.700031 28.425707 
17.800032 28.524143 
17.900032 28.622065 
18.000032 28.719471 
18.100033 28.816368 
18.200033 28.912756 
18.300034 29.008638 
18.400034 29.104017 
18.500034 29.198895 
18.600035 29.293276 
18.700035 29.387159 
18.800035 29.480553 
18.900036 29.573452 
19.000036 29.665863 
19.100037 29.757790 
19.200037 29.849234 
19.300037 29.940197 
19.400038 30.030680 
19.500038 30.120686 
19.600039 30.210220 
19.700039 30.299282 
19.800039 30.387875 
19.900040 30.476000 
20.000040 30.563662 
20.100040 30.650860 
20.200041 30.737600 
20.300041 30.823883 
20.400042 30.909710 
20.500042 30.995083 
20.600042 31.080006 
20.700043 31.164480 
20.800043 31.248507 
20.900043 31.332092 
21.000044 31.415234 
21.100044 31.497936 
21.200045 31.580202 
21.300045 31.662031 
21.400045 31.743429 
21.500046 31.824396 
21.600046 31.904932 
21.700047 31.985041 
21.800047 32.064728 
21.900047 32.143993 
22.000048 32.222836 
22.100048 32.301262 
22.200048 32.379272 
22.300049 32.456863 
22.400049 32.534050 
22.500050 32.610821 
22.600050 32.687187 
22.700050 32.763145 
22.800051 32.838699 
22.900051 32.913857 
23.000051 32.988609 
23.100052 33.062965 
23.200052 33.136929 
23.300053 33.210495 
23.400053 33.283669 
23.500053 33.356453 
23.600054 33.428848 
23.700054 33.500862 
23.800055 33.572487 
23.900055 33.643734 
24.000055 33.714600 
24.100056 33.785084 
24.200056 33.855194 
24.300056 33.924927 
24.400057 33.994293 
24.500057 34.063282 
24.600058 34.131905 
24.700058 34.200161 
24.800058 34.268051 
24.900059 34.335579 
25.000059 34.402740 
25.100060 34.469543 
25.200060 34.535992 
25.300060 34.602081 
25.400061 34.667816 
25.500061 34.733200 
25.600061 34.798233 
25.700062 34.862915 
25.800062 34.927246 
25.900063 34.991241 
26.000063 35.054882 
26.100063 35.118187 
26.200064 35.181145 
26.300064 35.243771 
26.400064 35.306057 
26.500065 35.368004 
26.600065 35.429623 
26.700066 35.490906 
26.800066 35.551857 
26.900066 35.612484 
27.000067 35.672783 
27.100067 35.732754 
27.200068 35.792397 
27.300068 35.851723 
27.400068 35.910728 
27.500069 35.969414 
27.600069 36.027779 
27.700069 36.085831 
27.800070 36.143566 
27.900070 36.200993 
28.000071 36.258102 
28.100071 36.314907 
28.200071 36.371399 
28.300072 36.427589 
28.400072 36.483471 
28.500072 36.539047 
28.600073 36.594326 
28.700073 36.649300 
28.800074 36.703979 
28.900074 36.758358 
29.000074 36.812439 
29.100075 36.866230 
29.200075 36.919724 
29.300076 36.972927 
29.400076 37.025841 
29.500076 37.078465 
29.600077 37.130802 
29.700077 37.182854 
29.800077 37.234619 
29.900078 37.286102 
30.000078 37.337303 
30.100079 37.388226 
30.200079 37.438866 
30.300079 37.489231 
30.400080 37.539322 
30.500080 37.589134 
30.600080 37.638676 
30.700081 37.687943 
30.800081 37.736938 
30.900082 37.785667 
31.000082 37.834129 
31.100082 37.882324 
31.200083 37.930252 
31.300083 37.977917 
31.400084 38.025318 
31.500084 38.072460 
31.600084 38.119339 
31.700085 38.165962 
31.800085 38.212326 
31.900085 38.258434 
32.000084 38.304287 
32.100082 38.349884 
32.200081 38.395233 
32.300079 38.440327 
32.400078 38.485168 
32.500076 38.529766 
32.600075 38.574116 
32.700073 38.618221 
32.800072 38.662079 
32.900070 38.705692 
33.000069 38.749065 
33.100067 38.792194 
33.200066 38.835087 
33.300064 38.877739 
33.400063 38.920151 
33.500061 38.962330 
33.600060 39.004272 
33.700058 39.045982 
33.800056 39.087456 
33.900055 39.128700 
34.000053 39.169712 
34.100052 39.210495 
34.200050 39.251049 
34.300049 39.291378 
34.400047 39.331478 
34.500046 39.371357 
34.600044 39.411011 
34.700043 39.450439 
34.800041 39.489647 
34.900040 39.528637 
35.000038 39.567406 
35.100037 39.605957 
35.200035 39.644287 
35.300034 39.682404 
35.400032 39.720306 
35.500031 39.757996 
35.600029 39.795471 
35.700027 39.832733 
35.800026 39.869789 
35.900024 39.906631 
36.000023 39.943264 
36.100021 39.979691 
36.200020 40.015911 
36.300018 40.051926 
36.400017 40.087734 
36.500015 40.123341 
36.600014 40.158745 
36.700012 40.193947 
36.800011 40.228947 
36.900009 40.263748 
37.000008 40.298355 
37.100006 40.332760 
37.200005 40.366970 
37.300003 40.400982 
37.400002 40.434803 
37.500000 40.468430 
37.599998 40.501862 
37.699997 40.535103 
37.799995 40.568153 
37.899994 40.601013 
37.999992 40.633686 
38.099991 40.666168 
38.199989 40.698467 
38.299988 40.730579 
38.399986 40.762505 
38.499985 40.794247 
38.599983 40.825806 
38.699982 40.857182 
38.799980 40.888378 
38.899979 40.919392 
38.999977 40.950226 
39.099976 40.980881 
39.199974 41.011360 
39.299973 41.041660 
39.399971 41.071785 
39.499969 41.101738 
39.599968 41.131512 
39.699966 41.161114 
39.799965 41.190544 
39.899963 41.219803 
39.999962 41.248890 
40.099960 41.277805 
40.199959 41.306553 
40.299957 41.335133 
40.399956 41.363544 
40.499954 41.391792 
40.599953 41.419868 
40.699951 41.447784 
40.799950 41.475536 
40.899948 41.503124 
40.999947 41.530548 
41.099945 41.557808 
41.199944 41.584911 
41.299942 41.611855 
41.399940 41.638638 
41.499939 41.665260 
41.599937 41.691727 
41.699936 41.718037 
41.799934 41.744190 
41.899933 41.770187 
41.999931 41.796028 
42.099930 41.821720 
42.199928 41.847256 
42.299927 41.872639 
42.399925 41.897873 
42.499924 41.922955 
42.599922 41.947884 
42.699921 41.972668 
42.799919 41.997303 
42.899918 42.021786 
42.999916 42.046127 
43.099915 42.070316 
43.199913 42.094364 
43.299911 42.118267 
43.399910 42.142025 
43.499908 42.165638 
43.599907 42.189110 
43.699905 42.212440 
43.799904 42.235630 
43.899902 42.258678 
43.999901 42.281586 
44.099899 42.304356 
44.199898 42.326984 
44.299896 42.349480 
44.399895 42.371834 
44.499893 42.394051 
44.599892 42.416134 
44.699890 42.438084 
44.799889 42.459896 
44.899887 42.481575 
44.999886 42.503124 
45.099884 42.524536 
45.199883 42.545822 
45.299881 42.566971 
45.399879 42.587994 
45.499878 42.608887 
45.599876 42.629646 
45.699875 42.650280 
45.799873 42.670788 
45.899872 42.691166 
45.999870 42.711418 
46.099869 42.731544 
46.199867 42.751545 
46.299866 42.771423 
46.399864 42.791172 
46.499863 42.810802 
46.599861 42.830307 
46.699860 42.849689 
46.799858 42.868954 
46.899857 42.888096 
46.999855 42.907116 
47.099854 42.926014 
47.199852 42.944798 
47.299850 42.963459 
47.399849 42.982006 
47.499847 43.000431 
47.599846 43.018742 
47.699844 43.036938 
47.799843 43.055016 
47.899841 43.072979 
47.999840 43.090828 
48.099838 43.108562 
48.199837 43.126183 
48.299835 43.143696 
48.399834 43.161091 
48.499832 43.178375 
48.599831 43.195549 
48.699829 43.212612 
48.799828 43.229565 
48.899826 43.246410 
48.999825 43.263142 
49.099823 43.279770 
49.199821 43.296288 
49.299820 43.312698 
49.399818 43.329002 
49.499817 43.345200 
49.599815 43.361294 
49.699814 43.377281 
49.799812 43.393162 
49.899811 43.408939 
49.999809 43.424614 
50.099808 43.440186 
50.199806 43.455654 
50.299805 43.471024 
50.399803 43.486286 
50.499802 43.501450 
50.599800 43.516514 
50.699799 43.531479 
50.799797 43.546341 
50.899796 43.561108 
50.999794 43.575775 
51.099792 43.590340 
51.199791 43.604813 
51.299789 43.619186 
51.399788 43.633461 
51.499786 43.647644 
51.599785 43.661728 
51.699783 43.675716 
51.799782 43.689613 
51.899780 43.703415 
51.999779 43.717121 
52.099777 43.730736 
52.199776 43.744255 
52.299774 43.757683 
52.399773 43.771019 
52.499771 43.784267 
52.599770 43.797421 
52.699768 43.810482 
52.799767 43.823456 
52.899765 43.836342 
52.999763 43.849136 
53.099762 43.861839 
53.199760 43.874458 
53.299759 43.886990 
53.399757 43.899429 
53.499756 43.911785 
53.599754 43.924053 
53.699753 43.936237 
53.799751 43.948334 
53.899750 43.960346 
53.999748 43.972271 
54.099747 43.984116 
54.199745 43.995872 
54.299744 44.007549 
54.399742 44.019138 
54.499741 44.030647 
54.599739 44.042076 
54.699738 44.053421 
54.799736 44.064682 
54.899734 44.075863 
54.999733 44.086967 
55.099731 44.097988 
55.199730 44.108929 
55.299728 44.119789 
55.399727 44.130573 
55.499725 44.141273 
55.599724 44.151901 
55.699722 44.162449 
55.799721 44.172916 
55.899719 44.183311 
55.999718 44.193626 
56.099716 44.203865 
56.199715 44.214027 
56.299713 44.224117 
56.399712 44.234131 
56.499710 44.244068 
56.599709 44.253929 
56.699707 44.263718 
56.799706 44.273434 
56.899704 44.283077 
56.999702 44.292645 
57.099701 44.302143 
57.199699 44.311565 
57.299698 44.320919 
57.399696 44.330200 
57.499695 44.339409 
57.599693 44.348545 
57.699692 44.357613 
57.799690 44.366611 
57.899689 44.375538 
57.999687 44.384396 
58.099686 44.393185 
58.199684 44.401905 
58.299683 44.410561 
58.399681 44.419144 
58.499680 44.427658 
58.599678 44.436108 
58.699677 44.444489 
58.799675 44.452805 
58.899673 44.461052 
58.999672 44.469234 
59.099670 44.477352 
59.199669 44.485401 
59.299667 44.493389 
59.399666 44.501308 
59.499664 44.509167 
59.599663 44.516960 
59.699661 44.524689 
59.799660 44.532356 
59.899658 44.539955 
59.999657 44.547497 
60.099655 44.554974 
60.199654 44.562386 
60.299652 44.569740 
60.399651 44.577030 
60.499649 44.584259 
60.599648 44.591431 
60.699646 44.598537 
60.799644 44.605587 
60.899643 44.612572 
60.999641 44.619499 
61.099640 44.626369 
61.199638 44.633179 
61.299637 44.639931 
61.399635 44.646622 
61.499634 44.653255 
61.599632 44.659828 
61.699631 44.666348 
61.799629 44.672806 
61.899628 44.679211 
61.999626 44.685555 
62.099625 44.691845 
62.199623 44.698078 
62.299622 44.704254 
62.399620 44.710377 
62.499619 44.716442 
62.599617 44.722454 
62.699615 44.728409 
62.799614 44.734310 
62.899612 44.740158 
62.999611 44.745949 
63.099609 44.751690 
63.199608 44.757374 
63.299606 44.763008 
63.399605 44.768585 
63.499603 44.774113 
63.599602 44.779583 
63.699600 44.785007 
63.799599 44.790375 
63.899597 44.795692 
63.999596 44.800961 
64.099594 44.806175 
64.199593 44.811340 
64.299591 44.816452 
64.399590 44.821514 
64.499588 44.826527 
64.599586 44.831490 
64.699585 44.836403 
64.799583 44.841267 
64.899582 44.846081 
64.999580 44.850849 
65.099579 44.855564 
65.199577 44.860233 
65.299576 44.864853 
65.399574 44.869427 
65.499573 44.873951 
65.599571 44.878426 
65.699570 44.882854 
65.799568 44.887238 
65.899567 44.891575 
65.999565 44.895863 
66.099564 44.900105 
66.199562 44.904305 
66.299561 44.908455 
66.399559 44.912560 
66.499557 44.916618 
66.599556 44.920635 
66.699554 44.924603 
66.799553 44.928528 
66.899551 44.932407 
66.999550 44.936245 
67.099548 44.940037 
67.199547 44.943787 
67.299545 44.947491 
67.399544 44.951149 
67.499542 44.954769 
67.599541 44.958344 
67.699539 44.961876 
67.799538 44.965366 
67.899536 44.968811 
67.999535 44.972218 
68.099533 44.975582 
68.199532 44.978901 
68.299530 44.982182 
68.399529 44.985420 
68.499527 44.988617 
68.599525 44.991776 
68.699524 44.994892 
68.799522 44.997967 
68.899521 45.001003 
68.999519 45.003998 
69.099518 45.006954 
69.199516 45.009869 
69.299515 45.012745 
69.399513 45.015583 
69.499512 45.018379 
69.599510 45.021137 
69.699509 45.023857 
69.799507 45.026539 
69.899506 45.029182 
69.999504 45.031788 
70.099503 45.034355 
70.199501 45.036884 
70.299500 45.039375 
70.399498 45.041832 
70.499496 45.044250 
70.599495 45.046631 
70.699493 45.048973 
70.799492 45.051281 
70.899490 45.053551 
70.999489 45.055786 
71.099487 45.057983 
71.199486 45.060146 
71.299484 45.062271 
71.399483 45.064362 
71.499481 45.066418 
71.599480 45.068439 
71.699478 45.070423 
71.799477 45.072376 
71.899475 45.074291 
71.999474 45.076172 
72.099472 45.078018 
72.199471 45.079830 
72.299469 45.081612 
72.399467 45.083355 
72.499466 45.085068 
72.599464 45.086746 
72.699463 45.088390 
72.799461 45.090000 
72.899460 45.091579 
72.999458 45.093124 
73.099457 45.094639 
73.199455 45.096119 
73.299454 45.097569 
73.399452 45.098984 
73.499451 45.100368 
73.599449 45.101719 
73.699448 45.103039 
73.799446 45.104328 
73.899445 45.105587 
73.999443 45.106812 
74.099442 45.108009 
74.199440 45.109173 
74.299438 45.110306 
74.399437 45.111408 
74.499435 45.112484 
74.599434 45.113525 
74.699432 45.114536 
74.799431 45.115520 
74.899429 45.116470 
74.999428 45.117393 
75.099426 45.118286 
75.199425 45.119152 
75.299423 45.119987 
75.399422 45.120792 
75.499420 45.121567 
75.599419 45.122314 
75.699417 45.123035 
75.799416 45.123726 
75.899414 45.124386 
75.999413 45.125019 
76.099411 45.125626 
76.199409 45.126205 
76.299408 45.126755 
76.399406 45.127277 
76.499405 45.127769 
76.599403 45.128239 
76.699402 45.128677 
76.799400 45.129093 
76.899399 45.129478 
76.999397 45.129837 
77.099396 45.130169 
77.199394 45.130474 
77.299393 45.130753 
77.399391 45.131004 
77.499390 45.131233 
77.599388 45.131432 
77.699387 45.131607 
77.799385 45.131756 
77.899384 45.131882 
77.999382 45.131977 
78.099380 45.132050 
78.199379 45.132095 
78.299377 45.132118 
78.399376 45.132114 
78.499374 45.132088 
78.599373 45.132034 
78.699371 45.131954 
78.799370 45.131855 
78.899368 45.131725 
78.999367 45.131577 
79.099365 45.131401 
79.199364 45.131203 
79.299362 45.130978 
79.399361 45.130730 
79.499359 45.130459 
79.599358 45.130165 
79.699356 45.129848 
79.799355 45.129505 
79.899353 45.129143 
79.999352 45.128754 
80.099350 45.128342 
80.199348 45.127911 
80.299347 45.127453 
80.399345 45.126976 
80.499344 45.126472 
80.599342 45.125950 
80.699341 45.125404 
80.799339 45.124836 
80.899338 45.124245 
80.999336 45.123631 
81.099335 45.122997 
81.199333 45.122341 
81.299332 45.121662 
81.399330 45.120964 
81.499329 45.120243 
81.599327 45.119499 
81.699326 45.118736 
81.799324 45.117950 
81.899323 45.117146 
81.999321 45.116318 
82.099319 45.115471 
82.199318 45.114605 
82.299316 45.113716 
82.399315 45.112804 
82.499313 45.111877 
82.599312 45.110928 
82.699310 45.109955 
82.799309 45.108967 
82.899307 45.107956 
82.999306 45.106926 
83.099304 45.105873 
83.199303 45.104805 
83.299301 45.103714 
83.399300 45.102608 
83.499298 45.101479 
83.599297 45.100330 
83.699295 45.099163 
83.799294 45.097977 
83.899292 45.096775 
83.999290 45.095551 
84.099289 45.094307 
84.199287 45.093044 
84.299286 45.091766 
84.399284 45.090466 
84.499283 45.089149 
84.599281 45.087814 
84.699280 45.086460 
84.799278 45.085087 
84.899277 45.083698 
84.999275 45.082291 
85.099274 45.080864 
85.199272 45.079422 
85.299271 45.077957 
85.399269 45.076481 
85.499268 45.074982 
85.599266 45.073467 
85.699265 45.071938 
85.799263 45.070389 
85.899261 45.068821 
85.999260 45.067238 
86.099258 45.065639 
86.199257 45.064022 
86.299255 45.062386 
86.399254 45.060734 
86.499252 45.059067 
86.599251 45.057384 
86.699249 45.055683 
86.799248 45.053967 
86.899246 45.052231 
86.999245 45.050480 
87.099243 45.048714 
87.199242 45.046932 
87.299240 45.045135 
87.399239 45.043320 
87.499237 45.041489 
87.599236 45.039642 
87.699234 45.037781 
87.799232 45.035904 
87.899231 45.034012 
87.999229 45.032104 
88.099228 45.030178 
88.199226 45.028240 
88.299225 45.026283 
88.399223 45.024315 
88.499222 45.022331 
88.599220 45.020332 
88.699219 45.018314 
88.799217 45.016285 
88.899216 45.014240 
88.999214 45.012180 
89.099213 45.010109 
89.199211 45.008018 
89.299210 45.005917 
89.399208 45.003799 
89.499207 45.001667 
89.599205 44.999519 
89.699203 44.997360 
89.799202 44.995186 
89.899200 44.992996 
89.999199 44.990791 
90.099197 44.988575 
90.199196 44.986347 
90.299194 44.984100 
90.399193 44.981842 
90.499191 44.979572 
90.599190 44.977287 
90.699188 44.974987 
90.799187 44.972675 
90.899185 44.970348 
90.999184 44.968010 
91.099182 44.965656 
91.199181 44.963291 
91.299179 44.960911 
91.399178 44.958519 
91.499176 44.956116 
91.599174 44.953697 
91.699173 44.951263 
91.799171 44.948822 
91.899170 44.946365 
91.999168 44.943897 
92.099167 44.941414 
92.199165 44.938919 
92.299164 44.936413 
92.399162 44.933895 
92.499161 44.931362 
92.599159 44.928818 
92.699158 44.926262 
92.799156 44.923695 
92.899155 44.921112 
92.999153 44.918522 
93.099152 44.915916 
93.199150 44.913300 
93.299149 44.910671 
93.399147 44.908031 
93.499146 44.905380 
93.599144 44.902714 
93.699142 44.900040 
93.799141 44.897354 
93.899139 44.894653 
93.999138 44.891945 
94.099136 44.889221 
94.199135 44.886490 
94.299133 44.883743 
94.399132 44.880989 
94.499130 44.878223 
94.599129 44.875446 
94.699127 44.872658 
94.799126 44.869858 
94.899124 44.867046 
94.999123 44.864223 
95.099121 44.861393 
95.199120 44.858547 
95.299118 44.855694 
95.399117 44.852829 
95.499115 44.849953 
95.599113 44.847065 
95.699112 44.844170 
95.799110 44.841263 
95.899109 44.838345 
95.999107 44.835419 
96.099106 44.832478 
96.199104 44.829529 
96.299103 44.826572 
96.399101 44.823601 
96.499100 44.820621 
96.599098 44.817635 
96.699097 44.814632 
96.799095 44.811623 
96.899094 44.808605 
96.999092 44.805576 
97.099091 44.802536 
97.199089 44.799488 
97.299088 44.796429 
97.399086 44.793362 
97.499084 44.790283 
97.599083 44.787197 
97.699081 44.784100 
97.799080 44.780991 
97.899078 44.777878 
97.999077 44.774750 
98.099075 44.771618 
98.199074 44.768471 
98.299072 44.765320 
98.399071 44.762157 
98.499069 44.758984 
98.599068 44.755806 
98.699066 44.752613 
98.799065 44.749416 
98.899063 44.746208 
98.999062 44.742992 
99.099060 44.739765 
99.199059 44.736530 
99.299057 44.733288 
99.399055 44.730034 
99.499054 44.726776 
99.599052 44.723503 
99.699051 44.720226 
99.799049 44.716938 
99.899048 44.713646 
